frame, timestamp, confidence, success, AU01_r, AU02_r, AU04_r, AU05_r, AU06_r, AU07_r, AU09_r, AU10_r, AU12_r, AU14_r, AU15_r, AU17_r, AU20_r, AU23_r, AU25_r, AU26_r, AU45_r, AU01_c, AU02_c, AU04_c, AU05_c, AU06_c, AU07_c, AU09_c, AU10_c, AU12_c, AU14_c, AU15_c, AU17_c, AU20_c, AU23_c, AU25_c, AU26_c, AU28_c, AU45_c
1,  0,  0.967816,  1, 0.369141, 0, 0.0397659, 0, 0, 0.16615, 0, 0, 0, 0, 0, 0, 0.167096, 0, 0, 0, 0.577808, 0, 0, 0, 0, 0, 0, 0, 0, 0, 0, 0, 0, 0, 1, 0, 0, 0, 0
2,  0.05,  0.964603,  1, 0.418677, 0, 0.0623901, 0, 0, 0.170608, 0, 0, 0, 0, 0, 0, 0.201449, 0, 0, 0.0569377, 0.544547, 1, 0, 0, 0, 0, 0, 0, 0, 0, 0, 0, 0, 0, 1, 0, 0, 0, 0
3,  0.1,  0.967583,  1, 0.370946, 0, 0.0491348, 0, 0, 0.22831, 0, 0, 0, 0, 0, 0, 0.171713, 0, 0, 0.0571147, 0.534099, 0, 0, 0, 0, 0, 0, 0, 0, 0, 0, 0, 0, 0, 1, 0, 0, 0, 0
4,  0.15,  0.970651,  1, 0.321065, 0, 0.000203831, 0, 0, 0.309293, 0, 0, 0, 0, 0, 0, 0.117029, 0, 0, 0.0571147, 0.508706, 0, 0, 0, 0, 0, 0, 0, 0, 0, 0, 0, 0, 0, 1, 0, 0, 0, 0
5,  0.2,  0.972551,  1, 0.342882, 0, 0.0406072, 0, 0, 0.368888, 0, 0, 0, 0, 0, 0, 0.263654, 0, 0, 0.000177049, 0.53649, 0, 0, 0, 0, 0, 0, 0, 0, 0, 0, 0, 0, 0, 1, 0, 0, 0, 0
6,  0.25,  0.972035,  1, 0.344637, 0, 0.05658, 0, 0, 0.324323, 0, 0, 0, 0, 0, 0.07873, 0.265182, 0, 0, 0, 0.506052, 0, 0, 0, 0, 0, 0, 0, 0, 0, 0, 0, 0, 0, 1, 0, 0, 0, 0
7,  0.3,  0.968071,  1, 0.326673, 0, 0.0563761, 0, 0, 0.215397, 0, 0, 0, 0, 0, 0.178072, 0.21971, 0, 0, 0.0592244, 0.480679, 0, 0, 0, 0, 0, 0, 0, 0, 0, 0, 0, 0, 0, 1, 0, 0, 0, 0
8,  0.35,  0.969208,  1, 0.275606, 0, 0.0307194, 0, 0, 0.201975, 0, 0, 0, 0, 0, 0.275253, 0.16472, 0, 0, 0.0592244, 0.462233, 0, 0, 0, 0, 0, 0, 0, 0, 0, 0, 0, 0, 0, 1, 0, 0, 0, 0
9,  0.4,  0.966336,  1, 0.198535, 0, 0.0214463, 0, 0, 0.150249, 0, 0, 0, 0, 0, 0.251756, 0.196918, 0, 0, 0.0592244, 0.495518, 0, 0, 0, 0, 0, 0, 0, 0, 0, 0, 0, 0, 0, 1, 0, 0, 0, 0
10,  0.45,  0.969654,  1, 0.128524, 0.0050713, 0.0214463, 0, 0, 0.126784, 0, 0, 0, 0, 0, 0.187691, 0.265303, 0, 0, 0, 0.521817, 0, 0, 0, 0, 0, 0, 0, 0, 0, 0, 0, 0, 0, 1, 0, 0, 0, 0
11,  0.5,  0.962466,  1, 0.0568131, 0.0050713, 0.00669963, 0, 0, 0.0167955, 0, 0, 0, 0, 0, 0.171185, 0.219018, 0, 0, 0, 0.475885, 0, 0, 0, 0, 0, 0, 0, 0, 0, 0, 0, 0, 0, 1, 0, 0, 0, 0
12,  0.55,  0.967693,  1, 0.10669, 0.0050713, 0.0246916, 0, 0, 0.096836, 0, 0, 0, 0, 0, 0.115952, 0.206299, 0, 0, 0.151961, 0.477157, 0, 0, 0, 0, 0, 0, 0, 0, 0, 0, 0, 0, 0, 1, 0, 0, 0, 0
13,  0.6,  0.971817,  1, 0.115461, 0, 0.059426, 0, 0, 0.210727, 0, 0, 0, 0, 0, 0.0806746, 0.115244, 0, 0, 0.21281, 0.499748, 0, 0, 0, 0, 0, 0, 0, 0, 0, 0, 0, 0, 0, 1, 0, 0, 0, 0
14,  0.65,  0.963576,  1, 0.106464, 0, 0.059426, 0, 0, 0.210727, 0, 0, 0, 0, 0, 0, 0.135057, 0, 0, 0.359974, 0.525741, 0, 0, 0, 0, 0, 0, 0, 0, 0, 0, 0, 0, 0, 0, 0, 0, 0, 0
15,  0.7,  0.962476,  1, 0.0565874, 0, 0.0347344, 0, 0, 0.113891, 0, 0, 0, 0, 0, 0, 0.155126, 0, 0, 0.240999, 0.492051, 0, 0, 0, 0, 0, 0, 0, 0, 0, 0, 0, 0, 0, 0, 0, 0, 0, 0
16,  0.75,  0.963533,  1, 0, 0, 0, 0, 0, 0.0501981, 0, 0, 0, 0, 0, 0, 0.155126, 0, 0.00292147, 0.267251, 0.433737, 0, 0, 0, 0, 0, 0, 0, 0, 0, 0, 0, 0, 0, 0, 0, 0, 0, 0
17,  0.8,  0.966753,  1, 0.00780686, 0, 0, 0, 0, 0.0501981, 0, 0, 0, 0, 0, 0, 0.0670398, 0, 0.00292147, 0.300668, 0.397413, 0, 0, 0, 0, 0, 0, 0, 0, 0, 0, 0, 0, 0, 0, 0, 0, 0, 0
18,  0.85,  0.965064,  1, 0.00780686, 0, 0, 0, 0, 0.0501981, 0, 0, 0, 0, 0, 0, 0, 0, 0.00292147, 0.308959, 0.35723, 0, 0, 0, 0, 0, 0, 0, 0, 0, 0, 0, 0, 0, 0, 0, 0, 0, 0
19,  0.9,  0.967959,  1, 0.0187009, 0, 0, 0, 0, 0, 0, 0, 0, 0, 0, 0, 0.0342448, 0, 0.107427, 0.262881, 0.382738, 0, 0, 0, 0, 0, 0, 0, 0, 0, 0, 0, 0, 0, 0, 0, 0, 0, 0
20,  0.95,  0.967259,  1, 0.0744408, 0, 0, 0, 0, 0.0504416, 0, 0, 0, 0, 0, 0, 0.0342448, 0, 0.128744, 0.0823009, 0.389393, 0, 0, 0, 0, 0, 0, 0, 0, 0, 0, 0, 0, 0, 0, 0, 0, 0, 0
21,  1,  0.967585,  1, 0.125906, 0, 0, 0, 0, 0.0504416, 0, 0, 0, 0.0272163, 0, 0.00809143, 0.0659195, 0, 0.128744, 0.0410236, 0.462127, 0, 0, 0, 0, 0, 0, 0, 0, 0, 0, 0, 0, 0, 0, 0, 0, 0, 0
22,  1.05,  0.970549,  1, 0.203711, 0, 0.02486, 0, 0, 0.112756, 0, 0, 0, 0.0272163, 0, 0.078448, 0.0326801, 0, 0.0213171, 0, 0.508709, 0, 0, 0, 0, 0, 0, 0, 0, 0, 0, 0, 0, 0, 0, 1, 0, 0, 0
23,  1.1,  0.967089,  1, 0.238518, 0, 0.046416, 0, 0, 0.0623145, 0, 0, 0, 0.0272163, 0, 0.078448, 0.0848718, 0, 0, 0.0186361, 0.630653, 0, 0, 0, 0, 0, 0, 0, 0, 0, 0, 0, 0, 0, 0, 1, 0, 0, 0
24,  1.15,  0.96761,  1, 0.359821, 0, 0.195268, 0, 0, 0.163201, 0, 0, 0, 0, 0, 0.174115, 0.184683, 0, 0.188091, 0.0186361, 0.678913, 0, 0, 0, 0, 0, 0, 0, 0, 0, 0, 0, 0, 0, 0, 1, 0, 0, 0
25,  1.2,  0.966809,  1, 0.346619, 0, 0.311844, 0, 0, 0.199321, 0.0401052, 0, 0, 0, 0, 0.234684, 0.269701, 0, 0.209734, 0.108234, 0.745744, 0, 0, 0, 0, 0, 0, 0, 0, 0, 0, 0, 1, 0, 0, 0, 0, 0, 1
26,  1.25,  0.969734,  1, 0.370977, 0, 0.366394, 0, 0, 0.239185, 0.0401052, 0, 0, 0, 0, 0.308838, 0.332851, 0, 0.209734, 0.168106, 0.718522, 1, 0, 0, 0, 0, 0, 0, 0, 0, 0, 0, 1, 0, 0, 0, 0, 0, 1
27,  1.3,  0.96647,  1, 0.343948, 0, 0.30806, 0, 0, 0.138299, 0.0401052, 0, 0, 0, 0, 0.386587, 0.344221, 0, 0.0717244, 0.168106, 0.721678, 1, 0, 0, 0, 0, 0, 0, 0, 0, 0, 0, 1, 0, 0, 0, 0, 0, 1
28,  1.35,  0.96379,  1, 0.377451, 0, 0.226463, 0, 0, 0.0398637, 0, 0, 0, 0, 0, 0.495345, 0.359683, 0, 0.063696, 0.215071, 0.69918, 1, 0, 0, 0, 0, 0, 0, 0, 0, 0, 0, 1, 0, 0, 0, 0, 0, 1
29,  1.4,  0.965797,  1, 0.445919, 0, 0.309155, 0, 0, 0, 0, 0, 0, 0, 0, 0.543697, 0.244341, 0, 0.071035, 0.244975, 0.733148, 1, 0, 0, 0, 0, 0, 0, 0, 0, 0, 0, 1, 0, 0, 0, 0, 0, 1
30,  1.45,  0.964966,  1, 0.414434, 0, 0.384891, 0, 0, 0, 0.0140862, 0, 0, 0, 0, 0.597751, 0.114538, 0, 0.0467374, 0.303192, 0.721622, 1, 0, 0, 0, 0, 0, 0, 0, 0, 0, 0, 1, 0, 0, 0, 0, 0, 1
31,  1.5,  0.967267,  1, 0.483454, 0, 0.508976, 0, 0, 0.00573161, 0.0140862, 0, 0, 0, 0, 0.49318, 0.0926949, 0, 0.0781535, 0.298545, 0.66216, 1, 0, 0, 0, 0, 0, 0, 0, 0, 0, 0, 1, 0, 0, 0, 0, 0, 1
32,  1.55,  0.962919,  1, 0.451566, 0, 0.486769, 0, 0, 0.00573161, 0.0140862, 0, 0, 0, 0, 0.418549, 0.0998815, 0, 0.188478, 0.439634, 0.612614, 1, 0, 0, 0, 0, 0, 0, 0, 0, 0, 0, 0, 0, 0, 0, 0, 0, 1
33,  1.6,  0.965253,  1, 0.429803, 0, 0.434101, 0, 0, 0.0452733, 0, 0, 0, 0, 0, 0.271874, 0.08683, 0, 0.222545, 0.614686, 0.569734, 1, 0, 0, 0, 0, 0, 0, 0, 0, 0, 0, 0, 0, 0, 0, 0, 0, 1
34,  1.65,  0.968198,  1, 0.425897, 0, 0.355608, 0, 0, 0.143153, 0, 0, 0, 0, 0, 0.456342, 0.00718663, 0, 0.292407, 0.587444, 0.552306, 1, 0, 0, 0, 0, 0, 0, 0, 0, 0, 0, 0, 0, 0, 0, 0, 0, 1
35,  1.7,  0.97808,  1, 0.372744, 0, 0.265859, 0, 0, 0.143153, 0, 0, 0, 0, 0, 0.63594, 0, 0, 0.235718, 0.598035, 0.466597, 0, 0, 0, 0, 0, 0, 0, 0, 0, 0, 0, 0, 0, 0, 0, 0, 0, 1
36,  1.75,  0.980381,  1, 0.386326, 0, 0.304021, 0, 0, 0.10906, 0, 0, 0, 0, 0, 0.711363, 0.0195534, 0, 0.360287, 0.503387, 0.3898, 0, 0, 0, 0, 0, 0, 0, 0, 0, 0, 0, 0, 0, 0, 0, 0, 0, 1
37,  1.8,  0.980076,  1, 0.356904, 0, 0.285111, 0, 0, 0.00544859, 0, 0, 0, 0, 0, 0.652555, 0.0195534, 0.0220627, 0.29359, 0.424827, 0.329696, 0, 0, 0, 0, 0, 0, 0, 0, 0, 0, 0, 0, 0, 0, 0, 0, 0, 1
38,  1.85,  0.982462,  1, 0.436643, 0.0339722, 0.313515, 0, 0, 0.00544859, 0, 0, 0, 0, 0, 0.623741, 0.0195534, 0.0220627, 0.253203, 0.439316, 0.302849, 0, 0, 0, 0, 0, 0, 0, 0, 0, 0, 0, 0, 0, 0, 0, 0, 0, 1
39,  1.9,  0.982045,  1, 0.490817, 0.0339722, 0.177913, 0, 0, 0.121779, 0, 0, 0, 0.00850284, 0, 0.593266, 0, 0.0220627, 0.146287, 0.470036, 0.242871, 0, 0, 0, 0, 0, 0, 0, 0, 0, 0, 0, 0, 0, 0, 0, 0, 0, 1
40,  1.95,  0.982321,  1, 0.462229, 0.0339722, 0.117486, 0, 0, 0.236235, 0, 0, 0, 0.0633989, 0, 0.546754, 0, 0.00799247, 0.0980923, 0.707141, 0.174286, 0, 0, 0, 0, 0, 0, 0, 0, 0, 0, 0, 0, 0, 0, 0, 0, 0, 1
41,  2,  0.982359,  1, 0.363013, 0.104438, 0.0714336, 0, 0, 0.368607, 0, 0, 0, 0.109281, 0, 0.51073, 0, 0.00799247, 0.148472, 0.74898, 0.15017, 0, 0, 0, 0, 0, 0, 0, 0, 0, 0, 0, 0, 0, 0, 0, 0, 0, 1
42,  2.05,  0.983239,  1, 0.271787, 0.104438, 0.123589, 0, 0, 0.485245, 0, 0, 0, 0.177749, 0, 0.662126, 0, 0.00799247, 0.15359, 0.812664, 0.196118, 0, 0, 0, 0, 0, 0, 0, 0, 0, 0, 0, 0, 0, 0, 0, 0, 0, 1
43,  2.1,  0.986798,  1, 0.245188, 0.104438, 0.103451, 0, 0, 0.370789, 0.00606043, 0, 0, 0.170453, 0, 0.623149, 0, 0, 0.187014, 0.72154, 0.193275, 0, 0, 0, 0, 0, 0, 0, 0, 0, 0, 0, 0, 0, 0, 0, 0, 0, 1
44,  2.15,  0.982753,  1, 0.186561, 0.0115444, 0.120098, 0, 0, 0.238417, 0.00606043, 0, 0, 0.264484, 0, 0.587008, 0, 0.00188837, 0.116047, 0.569971, 0.15535, 0, 0, 0, 0, 0, 0, 0, 0, 0, 0, 0, 0, 0, 0, 0, 0, 0, 1
45,  2.2,  0.982891,  1, 0.231394, 0.0115444, 0.0673982, 0, 0, 0, 0.00606043, 0, 0, 0.290043, 0, 0.559179, 0, 0.00188837, 0.0423735, 0.418928, 0.110198, 0, 0, 0, 0, 0, 0, 0, 0, 0, 0, 0, 0, 0, 0, 0, 0, 0, 1
46,  2.25,  0.986279,  1, 0.172361, 0.0115444, 0.0642762, 0, 0, 0.0825508, 0, 0, 0, 0.299278, 0, 0.597647, 0, 0.00188837, 0.0377144, 0.427278, 0.110116, 0, 0, 0, 0, 0, 0, 0, 0, 0, 0, 0, 0, 0, 0, 0, 0, 0, 1
47,  2.3,  0.986554,  1, 0.206614, 0, 0.0184341, 0, 0, 0.134581, 0, 0, 0, 0.240463, 0, 0.732418, 0, 0, 0.0414917, 0.262425, 0.10338, 0, 0, 0, 0, 0, 0, 0, 0, 0, 0, 0, 0, 0, 0, 0, 0, 0, 1
48,  2.35,  0.983081,  1, 0.203505, 0.0891291, 0.0714417, 0, 0, 0.134581, 0, 0, 0, 0.154831, 0, 0.609532, 0, 0, 0.0627137, 0.377073, 0.0952663, 0, 0, 0, 0, 0, 0, 0, 0, 0, 0, 0, 0, 0, 0, 0, 0, 0, 0
49,  2.4,  0.986289,  1, 0.253239, 0.123558, 0.0686093, 0, 0, 0.0671527, 0, 0, 0, 0.215072, 0, 0.536036, 0, 0, 0.053919, 0.362983, 0.0568943, 0, 0, 0, 0, 0, 0, 0, 0, 0, 0, 0, 0, 0, 0, 0, 0, 0, 0
50,  2.45,  0.983332,  1, 0.211556, 0.130174, 0.0686093, 0, 0, 0.167926, 0, 0, 0, 0.133973, 0, 0.385547, 0, 0.0326106, 0.0501417, 0.53926, 0.0384354, 0, 0, 0, 0, 0, 0, 0, 0, 0, 0, 0, 0, 0, 0, 0, 0, 0, 0
51,  2.5,  0.981211,  1, 0.129408, 0.0410447, 0, 0, 0, 0.265511, 0, 0, 0, 0.117075, 0, 0.37456, 0, 0.0326106, 0.0809253, 0.476485, 0.0256331, 0, 0, 0, 0, 0, 0, 0, 0, 0, 0, 0, 0, 0, 0, 0, 0, 0, 0
52,  2.55,  0.983663,  1, 0.0531202, 0.00661573, 0, 0, 0, 0.289569, 0, 0, 0, 0.0672882, 0, 0.456217, 0, 0.0676379, 0.060955, 0.584485, 0.0252501, 0, 0, 0, 0, 0, 0, 0, 0, 0, 0, 0, 0, 0, 0, 0, 0, 0, 0
53,  2.6,  0.98524,  1, 0.032516, 0, 0, 0, 0, 0.250488, 0, 0, 0, 0.207933, 0.0209521, 0.575355, 0.039173, 0.065218, 0.060955, 0.623235, 0.0252501, 0, 0, 0, 0, 0, 0, 0, 0, 0, 0, 0, 0, 0, 0, 0, 0, 0, 0
54,  2.65,  0.97058,  1, 0.0599614, 0, 0.049242, 0.0305918, 0, 0.152902, 0, 0, 0, 0.268302, 0.0209521, 0.753725, 0.039173, 0.065218, 0, 0.614842, 0.0407562, 0, 0, 0, 0, 0, 0, 0, 0, 0, 0, 0, 0, 0, 0, 0, 0, 0, 0
55,  2.7,  0.982465,  1, 0.100423, 0, 0.0692345, 0.0305918, 0, 0.245514, 0, 0, 0, 0.223841, 0.0209521, 0.763388, 0.039173, 0.0301907, 0.0172559, 0.414118, 0.0610286, 0, 0, 0, 0, 0, 0, 0, 0, 0, 0, 0, 0, 0, 0, 0, 0, 0, 0
56,  2.75,  0.981272,  1, 0.100423, 0, 0.0773203, 0.0305918, 0, 0.131791, 0, 0, 0, 0.168482, 0, 0.918888, 0, 0.012141, 0.0683379, 0.369014, 0.0885396, 0, 0, 0, 0, 0, 0, 0, 0, 0, 0, 0, 0, 0, 0, 0, 0, 0, 0
57,  2.8,  0.982878,  1, 0.116538, 0.0215833, 0.062877, 0, 0, 0.280243, 0, 0, 0, 0.310454, 0, 1.03941, 0, 0.0526009, 0.0692574, 0.362285, 0.0477834, 0, 0, 0, 0, 0, 0, 0, 0, 0, 0, 0, 0, 0, 0, 0, 0, 0, 1
58,  2.85,  0.985467,  1, 0.0919173, 0.0215833, 0.0428845, 0, 0, 0.189989, 0, 0, 0, 0.445145, 0, 1.14968, 0, 0.0837104, 0.130724, 0.487494, 0.027511, 0, 0, 0, 0, 0, 0, 0, 0, 0, 0, 0, 0, 0, 0, 0, 0, 0, 1
59,  2.9,  0.984224,  1, 0.191157, 0.0215833, 0.0406473, 0, 0, 0.189989, 0, 0, 0, 0.467679, 0, 0.953079, 0, 0.121941, 0.160827, 0.648035, 0, 0, 0, 0, 0, 0, 0, 0, 0, 0, 0, 0, 0, 0, 0, 0, 0, 0, 0
60,  2.95,  0.984657,  1, 0.194243, 0, 0.00584859, 0, 0, 0.0415369, 0, 0, 0, 0.36494, 0.0212568, 0.694036, 0, 0.0843234, 0.234889, 0.917698, 0.0204239, 0, 0, 0, 0, 0, 0, 0, 0, 0, 0, 0, 0, 0, 0, 0, 0, 0, 0
61,  3,  0.985091,  1, 0.192898, 0, 0.00584859, 0, 0, 0, 0.0118543, 0, 0, 0.379819, 0.0212568, 0.575808, 0, 0.0911364, 0.283621, 1.12612, 0.0401648, 0, 0, 0, 0, 0, 0, 0, 0, 0, 0, 0, 0, 0, 0, 0, 0, 0, 0
62,  3.05,  0.983999,  1, 0.0987065, 0, 0, 0, 0, 0, 0.0118543, 0, 0, 0.438351, 0.0212568, 0.619885, 0, 0.0494245, 0.276616, 1.18088, 0.0671157, 0, 0, 0, 0, 0, 0, 0, 0, 0, 0, 0, 0, 0, 0, 0, 0, 0, 0
63,  3.1,  0.983386,  1, 0.0736786, 0, 0.015139, 0, 0, 0.0615768, 0.0118543, 0, 0, 0.430751, 0.0235291, 0.635058, 0, 0.0465819, 0.297123, 0.959414, 0.0466918, 0, 0, 0, 0, 0, 0, 0, 0, 0, 0, 0, 0, 0, 0, 0, 0, 0, 0
64,  3.15,  0.98769,  1, 0.126721, 0, 0.015139, 0, 0, 0.102435, 0, 0, 0, 0.408204, 0.0235291, 0.675612, 0, 0.00865939, 0.169669, 0.798994, 0.0528148, 0, 0, 0, 0, 0, 0, 0, 0, 0, 0, 0, 0, 0, 0, 1, 0, 0, 0
65,  3.2,  0.986598,  1, 0.287657, 0, 0.015139, 0, 0, 0.196359, 0, 0, 0, 0.327245, 0.0235291, 0.657849, 0, 0, 0.227899, 0.609567, 0.0657844, 0, 0, 0, 0, 0, 0, 0, 0, 0, 0, 0, 0, 0, 0, 1, 0, 0, 0
66,  3.25,  0.985274,  1, 0.265835, 0, 0.0286014, 0, 0, 0.139444, 0, 0, 0, 0.292222, 0, 0.59756, 0, 0, 0.322763, 0.555867, 0.110698, 0, 0, 0, 0, 0, 0, 0, 0, 0, 0, 0, 0, 0, 0, 0, 0, 0, 0
67,  3.3,  0.981262,  1, 0.237693, 0, 0.0286014, 0, 0, 0.178647, 0, 0, 0, 0.146155, 0, 0.510844, 0, 0, 0.351148, 0.602914, 0.123626, 0, 0, 0, 0, 0, 0, 0, 0, 0, 0, 0, 0, 0, 0, 0, 0, 0, 0
68,  3.35,  0.980134,  1, 0.1763, 0, 0.0390851, 0, 0, 0.209319, 0, 0, 0, 0.105983, 0, 0.408237, 0, 0, 0.258944, 0.619986, 0.129602, 0, 0, 0, 0, 0, 0, 0, 0, 0, 0, 0, 0, 0, 0, 0, 0, 0, 0
69,  3.4,  0.982546,  1, 0.252238, 0, 0.0104837, 0, 0, 0.303754, 0, 0, 0, 0.145889, 0, 0.38847, 0, 0, 0.21668, 0.670992, 0.08671, 0, 0, 0, 0, 0, 0, 0, 0, 0, 0, 0, 0, 0, 0, 0, 0, 0, 0
70,  3.45,  0.986402,  1, 0.236832, 0, 0.0994317, 0, 0, 0.351805, 0, 0, 0, 0.179422, 0, 0.499534, 0, 0, 0.310902, 0.659295, 0.0537141, 0, 0, 0, 0, 0, 0, 0, 0, 0, 0, 0, 0, 0, 0, 0, 0, 0, 0
71,  3.5,  0.980317,  1, 0.190758, 0, 0.129716, 0, 0, 0.54634, 0, 0, 0, 0.192682, 0, 0.647601, 0, 0.0187473, 0.380305, 0.781407, 0.059926, 0, 0, 0, 0, 0, 0, 0, 0, 0, 0, 0, 0, 0, 0, 0, 0, 0, 0
72,  3.55,  0.966517,  1, 0.174509, 0, 0.194403, 0, 0, 0.617547, 0, 0, 0, 0.122584, 0, 0.622806, 0.0124959, 0.0187473, 0.307285, 0.663701, 0.145071, 0, 0, 0, 0, 0, 0, 0, 0, 0, 0, 0, 0, 0, 0, 0, 0, 0, 0
73,  3.6,  0.983246,  1, 0.206046, 0, 0.105455, 0, 0, 0.63698, 0, 0, 0, 0.0852658, 0, 0.512921, 0.0124959, 0.0187473, 0.340811, 0.578208, 0.161086, 0, 0, 0, 0, 0, 0, 0, 0, 0, 0, 0, 0, 0, 0, 0, 0, 0, 0
74,  3.65,  0.98167,  1, 0.227903, 0, 0.064687, 0, 0, 0.317849, 0, 0, 0, 0.1086, 0, 0.482776, 0.0124959, 0, 0.279069, 0.601361, 0.134437, 0, 0, 0, 0, 0, 0, 0, 0, 0, 0, 0, 0, 0, 0, 0, 0, 0, 0
75,  3.7,  0.967479,  1, 0.288501, 0.0411642, 0.0381674, 0, 0, 0.147545, 0, 0, 0, 0.081812, 0, 0.54295, 0, 0, 0.31983, 0.79598, 0.092854, 0, 0, 0, 0, 0, 0, 0, 0, 0, 0, 0, 0, 0, 0, 0, 0, 0, 0
76,  3.75,  0.986321,  1, 0.340414, 0.0411642, 0.0868938, 0, 0, 0, 0, 0, 0, 0.257412, 0, 0.568042, 0, 0.0109186, 0.295499, 0.800384, 0.136894, 0, 0, 0, 0, 0, 0, 0, 0, 0, 0, 0, 0, 0, 0, 0, 0, 0, 0
77,  3.8,  0.981426,  1, 0.265284, 0.0411642, 0.125756, 0, 0, 0.12302, 0, 0, 0, 0.292593, 0, 0.627225, 0, 0.0516282, 0.29152, 0.545911, 0.183809, 0, 0, 0, 0, 0, 0, 0, 0, 0, 0, 0, 0, 0, 0, 0, 0, 0, 0
78,  3.85,  0.966014,  1, 0.24427, 0, 0.147143, 0, 0, 0.12302, 0, 0, 0, 0.416468, 0, 0.546245, 0, 0.0516282, 0.223686, 0.304758, 0.196007, 0, 0, 0, 0, 0, 0, 0, 0, 0, 0, 0, 0, 0, 0, 0, 0, 0, 0
79,  3.9,  0.985084,  1, 0.143549, 0, 0.102042, 0, 0, 0.12302, 0, 0, 0, 0.364465, 0.0865598, 0.680296, 0, 0.0850989, 0.0918845, 0.307349, 0.130156, 0, 0, 0, 0, 0, 0, 0, 0, 0, 0, 0, 0, 0, 0, 0, 0, 0, 0
80,  3.95,  0.98254,  1, 0.156881, 0, 0.0755953, 0, 0, 0, 0, 0, 0, 0.310972, 0.0865598, 0.627758, 0, 0.0725097, 0.070393, 0.369813, 0.0804373, 0, 0, 0, 0, 0, 0, 0, 0, 0, 0, 0, 0, 0, 0, 0, 0, 0, 0
81,  4,  0.982237,  1, 0.139407, 0.00550465, 0.0996274, 0, 0, 0.0114708, 0, 0, 0, 0.27387, 0.121505, 0.893384, 0, 0.103054, 0.0899435, 0.535329, 0.0336807, 0, 0, 0, 0, 0, 0, 0, 0, 0, 0, 0, 0, 0, 0, 0, 0, 0, 0
82,  4.05,  0.982898,  1, 0.128769, 0.00550465, 0.129579, 0, 0, 0.0114708, 0, 0, 0, 0.188645, 0.0404092, 0.768729, 0, 0.0938257, 0.22741, 0.675144, 0.0780853, 0, 0, 0, 0, 0, 0, 0, 0, 0, 0, 0, 0, 0, 0, 0, 0, 0, 0
83,  4.1,  0.965741,  1, 0.129564, 0.00550465, 0.227305, 0, 0, 0.0114708, 0, 0, 0, 0.219237, 0.0404092, 0.753494, 0, 0.0942186, 0.264026, 0.720209, 0.120317, 0, 0, 0, 0, 0, 0, 0, 0, 0, 0, 0, 0, 0, 0, 0, 0, 0, 0
84,  4.15,  0.971919,  1, 0.106371, 0, 0.148114, 0, 0, 0.0113393, 0, 0, 0, 0.132465, 0.00546373, 0.517683, 0, 0.0636742, 0.307757, 0.623852, 0.206086, 0, 0, 0, 0, 0, 0, 0, 0, 0, 0, 0, 0, 0, 0, 0, 0, 0, 0
85,  4.2,  0.985293,  1, 0.196734, 0.0775938, 0.114536, 0, 0, 0.11796, 0, 0, 0, 0.228867, 0, 0.46972, 0, 0.0639319, 0.170291, 0.49063, 0.167846, 0, 0, 0, 0, 0, 0, 0, 0, 0, 0, 0, 0, 0, 0, 0, 0, 0, 0
86,  4.25,  0.967293,  1, 0.177362, 0.0775938, 0.00439544, 0, 0, 0.11796, 0, 0, 0, 0.265184, 0, 0.411194, 0, 0.062041, 0.111277, 0.453883, 0.189372, 0, 0, 0, 0, 0, 0, 0, 0, 0, 0, 0, 0, 0, 0, 0, 0, 0, 0
87,  4.3,  0.970526,  1, 0.0903628, 0.0775938, 0.00603661, 0, 0, 0.20955, 0, 0, 0, 0.349215, 0, 0.554787, 0, 0.062041, 0, 0.591469, 0.168956, 0, 0, 0, 0, 0, 0, 0, 0, 0, 0, 0, 0, 0, 0, 0, 0, 0, 0
88,  4.35,  0.97051,  1, 0, 0, 0.0149682, 0, 0, 0.138469, 0, 0, 0, 0.21444, 0, 0.576906, 0, 0.0266224, 0.104326, 0.683196, 0.233434, 0, 0, 0, 0, 0, 0, 0, 0, 0, 0, 0, 0, 0, 0, 0, 0, 0, 0
89,  4.4,  0.970343,  1, 0, 0, 0.0402274, 0, 0, 0.320039, 0, 0, 0, 0.124061, 0, 0.704908, 0, 0, 0.104326, 0.742123, 0.231312, 0, 0, 0, 0, 0, 0, 0, 0, 0, 0, 0, 0, 0, 0, 0, 0, 0, 0
90,  4.45,  0.968719,  1, 0, 0, 0.0341908, 0, 0, 0.21711, 0, 0, 0, 0.169858, 0, 0.79301, 0, 0.0228647, 0.115726, 0.61145, 0.233401, 0, 0, 0, 0, 0, 0, 0, 0, 0, 0, 0, 0, 0, 0, 0, 0, 0, 0
91,  4.5,  0.967036,  1, 0, 0, 0.0252592, 0, 0, 0.181569, 0, 0, 0, 0.172456, 0, 0.771358, 0, 0.0479257, 0.108325, 0.562908, 0.258783, 0, 0, 0, 0, 0, 0, 0, 0, 0, 0, 0, 1, 0, 0, 0, 0, 0, 0
92,  4.55,  0.964415,  1, 0, 0, 0, 0, 0, 0, 0, 0, 0, 0.212257, 0, 0.774119, 0, 0.0479257, 0.108325, 0.465444, 0.309491, 0, 0, 0, 0, 0, 0, 0, 0, 0, 0, 0, 1, 0, 0, 0, 0, 0, 0
93,  4.6,  0.964562,  1, 0.0810955, 0, 0, 0, 0, 0, 0, 0, 0, 0.110143, 0, 0.621766, 0, 0.025061, 0.0969251, 0.425896, 0.324875, 0, 0, 0, 0, 0, 0, 0, 0, 0, 0, 0, 1, 0, 0, 0, 0, 0, 0
94,  4.65,  0.974978,  1, 0.139159, 0, 0.0329765, 0, 0, 0, 0, 0, 0, 0.110723, 0, 0.581265, 0, 0, 0.0535593, 0.172432, 0.339414, 0, 0, 0, 0, 0, 0, 0, 0, 0, 0, 0, 0, 0, 0, 0, 0, 0, 0
95,  4.7,  0.967518,  1, 0.174665, 0, 0.0329765, 0, 0, 0, 0, 0, 0, 0.0308928, 0, 0.366463, 0, 0, 0.192926, 0.0365247, 0.324803, 0, 0, 0, 0, 0, 0, 0, 0, 0, 0, 0, 0, 0, 0, 0, 0, 0, 0
96,  4.75,  0.97016,  1, 0.309606, 0, 0.0329765, 0, 0, 0, 0, 0, 0, 0.0161753, 0, 0.266554, 0.0584106, 0, 0.315962, 0.0241081, 0.334529, 0, 0, 0, 0, 0, 0, 0, 0, 0, 0, 0, 0, 0, 0, 0, 0, 0, 0
97,  4.8,  0.971402,  1, 0.383062, 0, 0, 0, 0, 0.0365875, 0, 0, 0, 0.0129966, 0, 0.146455, 0.0584106, 0, 0.464457, 0.0608225, 0.285296, 0, 0, 0, 0, 0, 0, 0, 0, 0, 0, 0, 0, 0, 0, 0, 0, 0, 0
98,  4.85,  0.967875,  1, 0.432223, 0, 0, 0, 0, 0.133447, 0, 0, 0, 0.0129966, 0, 0.176373, 0.0584106, 0, 0.330393, 0.0608225, 0.256264, 0, 0, 0, 0, 0, 0, 0, 0, 0, 0, 0, 0, 0, 0, 0, 0, 0, 0
99,  4.9,  0.96877,  1, 0.307586, 0, 0, 0, 0, 0.168829, 0, 0, 0, 0.0245454, 0, 0.12218, 0, 0, 0.345141, 0.0367143, 0.241346, 0, 0, 0, 0, 0, 0, 0, 0, 0, 0, 0, 0, 0, 0, 0, 0, 0, 0
100,  4.95,  0.969484,  1, 0.240975, 0, 0, 0, 0, 0.132241, 0.00614387, 0, 0, 0.0473535, 0, 0.128449, 0, 0, 0.218969, 0.0723842, 0.254816, 0, 0, 0, 0, 0, 0, 0, 0, 0, 0, 0, 0, 0, 0, 0, 0, 0, 0
101,  5,  0.971395,  1, 0.156308, 0, 0.00867871, 0, 0, 0.0353815, 0.00614387, 0, 0, 0.121744, 0, 0.108413, 0, 0, 0.31959, 0.290026, 0.290137, 0, 0, 0, 0, 0, 0, 0, 0, 0, 0, 0, 0, 0, 0, 0, 0, 0, 0
102,  5.05,  0.964093,  1, 0.0649087, 0, 0.0394932, 0, 0, 0, 0.00614387, 0, 0, 0.100759, 0, 0.206266, 0, 0, 0.211181, 0.492424, 0.290492, 0, 0, 0, 0, 0, 0, 0, 0, 0, 0, 0, 0, 0, 0, 0, 0, 0, 1
103,  5.1,  0.969703,  1, 0, 0, 0.0394932, 0, 0, 0, 0, 0, 0, 0.0779511, 0, 0.370983, 0, 0, 0.1353, 0.567879, 0.293329, 0, 0, 0, 0, 0, 0, 0, 0, 0, 0, 0, 0, 0, 0, 0, 0, 0, 1
104,  5.15,  0.968707,  1, 0.0223516, 0, 0.0308145, 0, 0, 0, 0, 0, 0, 0.00356045, 0, 0.323148, 0, 0, 0.0293755, 0.56235, 0.228825, 0, 0, 0, 0, 0, 0, 0, 0, 0, 0, 0, 0, 0, 0, 0, 0, 0, 1
105,  5.2,  0.969684,  1, 0.0355907, 0, 0, 0, 0, 0.16311, 0.0112782, 0, 0, 0.060424, 0, 0.268692, 0, 0, 0.113831, 0.639336, 0.218084, 0, 0, 0, 0, 0, 0, 0, 0, 0, 0, 0, 0, 0, 0, 0, 0, 0, 1
106,  5.25,  0.970883,  1, 0.103532, 0, 0, 0, 0, 0.346229, 0.0112782, 0, 0, 0.0687688, 0, 0.198867, 0, 0, 0.19748, 0.63545, 0.236613, 0, 0, 0, 0, 0, 0, 0, 0, 0, 0, 0, 0, 0, 0, 0, 0, 0, 0
107,  5.3,  0.967394,  1, 0.122629, 0, 0.0299143, 0, 0, 0.374848, 0.0112782, 0, 0, 0.0687688, 0, 0.283004, 0, 0, 0.204713, 0.591719, 0.295344, 0, 0, 0, 0, 0, 0, 0, 0, 0, 0, 0, 0, 0, 0, 0, 0, 0, 0
108,  5.35,  0.968603,  1, 0.10939, 0, 0.0445926, 0, 0, 0.211738, 0, 0, 0, 0.00834478, 0, 0.260691, 0, 0, 0.147507, 0.536129, 0.340295, 0, 0, 0, 0, 0, 0, 0, 0, 0, 0, 0, 0, 0, 0, 0, 0, 0, 0
109,  5.4,  0.967939,  1, 0.102074, 0, 0.0455216, 0, 0, 0.0286196, 0, 0, 0, 0.0546893, 0, 0.33385, 0, 0, 0.14362, 0.595606, 0.365086, 0, 0, 0, 0, 0, 0, 0, 0, 0, 0, 0, 0, 0, 0, 0, 0, 0, 0
110,  5.45,  0.974545,  1, 0.0762761, 0, 0.0156073, 0, 0, 0, 0, 0, 0, 0.0693377, 0, 0.388455, 0, 0, 0.18389, 0.497028, 0.363353, 0, 0, 0, 0, 0, 0, 0, 0, 0, 0, 0, 0, 0, 0, 0, 0, 0, 0
111,  5.5,  0.971875,  1, 0.0850801, 0, 0.00825966, 0, 0, 0, 0, 0, 0, 0.137374, 0, 0.430753, 0.0328153, 0, 0.255499, 0.320884, 0.339739, 0, 0, 0, 0, 0, 0, 0, 0, 0, 0, 0, 0, 0, 0, 0, 0, 0, 0
112,  5.55,  0.973562,  1, 0.0244545, 0, 0.0104217, 0, 0, 0.0100166, 0, 0, 0, 0.0826847, 0, 0.434926, 0.0328153, 0, 0.296663, 0.344044, 0.326185, 0, 0, 0, 0, 0, 0, 0, 0, 0, 0, 0, 0, 0, 0, 0, 0, 0, 0
113,  5.6,  0.970188,  1, 0.00880402, 0, 0.0104217, 0, 0, 0.0100166, 0.00686893, 0, 0, 0.180812, 0, 0.383746, 0.0328153, 0, 0.276916, 0.437706, 0.295255, 0, 0, 0, 0, 0, 0, 0, 0, 0, 0, 0, 0, 0, 0, 0, 0, 0, 0
114,  5.65,  0.9677,  1, 0, 0, 0.00309114, 0, 0, 0.0100166, 0.00686893, 0, 0, 0.255695, 0, 0.503648, 0, 0.00819541, 0.332638, 0.564495, 0.278937, 0, 0, 0, 0, 0, 0, 0, 0, 0, 0, 0, 0, 0, 0, 0, 0, 0, 0
115,  5.7,  0.969684,  1, 0, 0, 0.011523, 0, 0, 0, 0.00686893, 0, 0, 0.332238, 0, 0.382891, 0, 0.00819541, 0.384176, 0.530589, 0.247856, 0, 0, 0, 0, 0, 0, 0, 0, 0, 0, 0, 0, 0, 0, 0, 0, 0, 0
116,  5.75,  0.970278,  1, 0, 0, 0.0172064, 0, 0, 0, 0, 0, 0, 0.219462, 0, 0.380894, 0, 0.00819541, 0.356421, 0.463283, 0.21559, 0, 0, 0, 0, 0, 0, 0, 0, 0, 0, 0, 0, 0, 0, 0, 0, 0, 0
117,  5.8,  0.97424,  1, 0.00390284, 0, 0.0318372, 0, 0, 0.0120519, 0, 0, 0, 0.109172, 0, 0.380272, 0, 0.00086873, 0.207065, 0.479704, 0.195391, 0, 0, 0, 0, 0, 0, 0, 0, 0, 0, 0, 0, 0, 0, 0, 0, 0, 0
118,  5.85,  0.969066,  1, 0.0292721, 0, 0.103785, 0, 0, 0.0748125, 0, 0, 0, 0.0412935, 0, 0.429006, 0, 0.00086873, 0.100837, 0.368885, 0.245398, 0, 0, 0, 0, 0, 0, 0, 0, 0, 0, 0, 0, 0, 1, 0, 0, 0, 0
119,  5.9,  0.967959,  1, 0.0705669, 0, 0.115095, 0, 0, 0.162495, 0, 0, 0, 0.195694, 0, 0.462819, 0, 0.00086873, 0.186726, 0.435716, 0.284373, 0, 0, 0, 0, 0, 0, 0, 0, 0, 0, 0, 0, 0, 1, 0, 0, 0, 0
120,  5.95,  0.972163,  1, 0.110344, 0, 0.124491, 0, 0, 0.408516, 0, 0, 0, 0.287795, 0, 0.495214, 0, 0, 0.152125, 0.360645, 0.293651, 0, 0, 0, 0, 0, 0, 0, 0, 0, 0, 0, 0, 0, 1, 0, 0, 0, 0
121,  6,  0.973559,  1, 0.0849744, 0, 0.0981066, 0, 0, 0.403617, 0, 0, 0, 0.326928, 0, 0.479044, 0, 0, 0.0916634, 0.487139, 0.240378, 0, 0, 0, 0, 0, 0, 0, 0, 0, 0, 0, 0, 0, 1, 0, 0, 0, 0
122,  6.05,  0.973357,  1, 0.0436796, 0, 0.0811134, 0, 0, 0.315935, 0, 0, 0, 0.176824, 0, 0.446968, 0, 0, 0.0412695, 0.409039, 0.239972, 0, 0, 0, 0, 0, 0, 0, 0, 0, 0, 0, 0, 0, 0, 0, 0, 0, 0
123,  6.1,  0.973322,  1, 0, 0, 0.109488, 0, 0, 0.0578625, 0.00206739, 0, 0, 0.0826089, 0, 0.34443, 0.015041, 0, 0.0568756, 0.338821, 0.267004, 0, 0, 0, 0, 0, 0, 0, 0, 0, 0, 0, 0, 0, 0, 0, 0, 0, 0
124,  6.15,  0.972631,  1, 0, 0, 0.0877653, 0, 0, 0.0172692, 0.00206739, 0, 0, 0.129966, 0, 0.422546, 0.0484718, 0, 0.137572, 0.130462, 0.294557, 0, 0, 0, 0, 0, 0, 0, 0, 0, 0, 0, 0, 0, 0, 0, 0, 0, 0
125,  6.2,  0.977653,  1, 0, 0, 0.101328, 0, 0, 0.0172692, 0.00206739, 0, 0, 0.141766, 0, 0.520043, 0.0484718, 0, 0.120405, 0.16011, 0.319063, 0, 0, 0, 0, 0, 0, 0, 0, 0, 0, 0, 0, 0, 0, 0, 0, 0, 0
126,  6.25,  0.973453,  1, 0.0326509, 0, 0.0489263, 0, 0, 0.0351898, 0, 0, 0, 0.124218, 0, 0.562285, 0.0334308, 0, 0.116334, 0.132653, 0.329798, 0, 0, 0, 0, 0, 0, 0, 0, 0, 0, 0, 0, 0, 0, 0, 0, 0, 0
127,  6.3,  0.971012,  1, 0.0505278, 0, 0.087065, 0, 0, 0.171471, 0, 0, 0, 0.0499863, 0, 0.589127, 0, 0, 0.105717, 0.419426, 0.311708, 0, 0, 0, 0, 0, 0, 0, 0, 0, 0, 0, 0, 0, 0, 0, 0, 0, 0
128,  6.35,  0.966992,  1, 0.0505278, 0, 0.0900487, 0, 0, 0.186869, 0, 0, 0, 0.0554571, 0, 0.496197, 0, 0, 0.182984, 0.412479, 0.24853, 0, 0, 0, 0, 0, 0, 0, 0, 0, 0, 0, 0, 0, 0, 0, 0, 0, 0
129,  6.4,  0.972023,  1, 0.0178769, 0, 0.221347, 0, 0, 0.214246, 0, 0, 0, 0.111083, 0, 0.478407, 0, 0, 0.171449, 0.584789, 0.250471, 0, 0, 0, 0, 0, 0, 0, 0, 0, 0, 0, 1, 0, 0, 0, 0, 0, 0
130,  6.45,  0.972158,  1, 0.00226287, 0.0582766, 0.210329, 0, 0, 0.0606956, 0, 0, 0, 0.192504, 0.0591047, 0.442317, 0, 0, 0.0955954, 0.498593, 0.273078, 0, 0, 0, 0, 0, 0, 0, 0, 0, 0, 0, 0, 0, 0, 0, 0, 0, 0
131,  6.5,  0.968741,  1, 0.00226287, 0.0582766, 0.212413, 0, 0, 0.0707356, 0, 0, 0, 0.273655, 0.0591047, 0.523224, 0, 0, 0, 0.540029, 0.305816, 0, 0, 0, 0, 0, 0, 0, 0, 0, 0, 0, 0, 0, 0, 0, 0, 0, 0
132,  6.55,  0.967643,  1, 0.00226287, 0.0582766, 0.0859058, 0, 0, 0.0819482, 0, 0, 0, 0.205062, 0.0591047, 0.584621, 0, 0, 0.0288071, 0.349605, 0.337435, 0, 0, 0, 0, 0, 0, 0, 0, 0, 0, 0, 0, 0, 0, 0, 0, 0, 0
133,  6.6,  0.972012,  1, 0, 0, 0.0234218, 0, 0, 0.125588, 0, 0, 0, 0.102718, 0.0462927, 0.552034, 0, 0, 0.0288071, 0.192583, 0.380238, 0, 0, 0, 0, 0, 0, 0, 0, 0, 0, 0, 0, 0, 0, 0, 0, 0, 0
134,  6.65,  0.970745,  1, 0.0246201, 0, 0.0597544, 0, 0, 0.14423, 0, 0, 0, 0, 0.0956537, 0.402249, 0, 0, 0.0288071, 0.131049, 0.408868, 0, 0, 0, 0, 0, 0, 0, 0, 0, 0, 0, 0, 0, 0, 0, 0, 0, 0
135,  6.7,  0.973049,  1, 0.0246201, 0, 0.0820622, 0, 0, 0.142485, 0, 0, 0, 0, 0.0956537, 0.400343, 0, 0, 0.0173836, 0.310519, 0.365199, 0, 0, 0, 0, 0, 0, 0, 0, 0, 0, 0, 0, 0, 0, 0, 0, 0, 0
136,  6.75,  0.969868,  1, 0.0246201, 0, 0.0820622, 0, 0, 0.15561, 0, 0, 0, 0.0347785, 0.049361, 0.406757, 0.0161526, 0, 0.0383051, 0.539455, 0.366981, 0, 0, 0, 0, 0, 0, 0, 0, 0, 0, 0, 0, 0, 0, 0, 0, 0, 0
137,  6.8,  0.971576,  1, 0, 0, 0.0408018, 0, 0, 0.156265, 0, 0, 0, 0.0347785, 0, 0.398584, 0.0161526, 0, 0.0383051, 0.584408, 0.397099, 0, 0, 0, 0, 0, 0, 0, 0, 0, 0, 0, 0, 0, 0, 0, 0, 0, 0
138,  6.85,  0.972857,  1, 0, 0, 0.0586919, 0, 0, 0.1015, 0, 0, 0, 0.0347785, 0, 0.257328, 0.0161526, 0, 0.0209215, 0.437919, 0.413314, 0, 0, 0, 0, 0, 0, 0, 0, 0, 0, 0, 0, 0, 0, 0, 0, 0, 0
139,  6.9,  0.969195,  1, 0, 0, 0.0980979, 0, 0, 0.0662373, 0, 0, 0, 0, 0, 0.11931, 0, 0, 0, 0.401758, 0.40382, 0, 0, 0, 0, 0, 0, 0, 0, 0, 0, 0, 0, 0, 0, 0, 0, 0, 0
140,  6.95,  0.973255,  1, 0, 0, 0.131356, 0, 0, 0.0911195, 0, 0, 0, 0.0224727, 0, 0.0631557, 0.0136159, 0, 0, 0.26931, 0.376158, 0, 0, 0, 0, 0, 0, 0, 0, 0, 0, 0, 0, 0, 1, 0, 0, 0, 1
141,  7,  0.974356,  1, 0, 0, 0.0863668, 0, 0, 0.0911195, 0, 0, 0, 0.0224727, 0, 0.0294066, 0.0136159, 0, 0, 0.354544, 0.436563, 0, 0, 0, 0, 0, 0, 0, 0, 0, 0, 0, 0, 0, 1, 0, 0, 0, 1
142,  7.05,  0.968225,  1, 0, 0, 0.208678, 0, 0, 0.493909, 0, 0, 0, 0.0224727, 0, 0.0294066, 0.0136159, 0, 0, 0.118214, 0.673976, 0, 0, 0, 0, 0, 0, 0, 0, 0, 0, 0, 0, 0, 1, 0, 0, 0, 1
143,  7.1,  0.964623,  1, 0.00534815, 0.0281762, 0.274265, 0, 0, 0.779173, 0, 0, 0, 0, 0, 0.0817284, 0, 0, 0, 0.167437, 0.964108, 0, 0, 0, 0, 0, 0, 0, 0, 0, 0, 0, 0, 0, 1, 0, 0, 0, 1
144,  7.15,  0.964389,  1, 0.0268259, 0.0526555, 0.438568, 0, 0, 0.896582, 0, 0, 0, 0, 0, 0.0523218, 0, 0, 0, 0.0492226, 1.14754, 0, 0, 0, 0, 0, 0, 0, 0, 0, 0, 0, 0, 0, 1, 0, 0, 0, 1
145,  7.2,  0.965429,  1, 0.0268259, 0.0526555, 0.287693, 0, 0, 0.608073, 0, 0, 0, 0, 0, 0.0523218, 0.0167172, 0, 0, 0.134878, 1.03983, 0, 0, 0, 0, 0, 0, 0, 0, 0, 0, 0, 0, 0, 1, 0, 0, 0, 1
146,  7.25,  0.966948,  1, 0.0214777, 0.0244793, 0.187529, 0, 0, 0.253191, 0.0268648, 0, 0, 0, 0, 0, 0.067498, 0, 0, 0.146996, 0.766262, 0, 0, 0, 0, 0, 0, 0, 0, 0, 0, 0, 0, 0, 1, 0, 0, 0, 1
147,  7.3,  0.962263,  1, 0.0381135, 0, 0.0232262, 0, 0, 0.162361, 0.080014, 0, 0, 0, 0, 0, 0.067498, 0, 0, 0.146996, 0.52853, 0, 0, 0, 0, 0, 0, 0, 0, 0, 0, 0, 0, 0, 1, 0, 0, 0, 0
148,  7.35,  0.964744,  1, 0.0381135, 0, 0.0123835, 0, 0, 0.0437638, 0.211542, 0, 0, 0, 0, 0, 0.0507808, 0, 0, 0.202062, 0.401533, 0, 0, 0, 0, 0, 0, 0, 0, 0, 0, 0, 0, 0, 1, 0, 0, 0, 0
149,  7.4,  0.961617,  1, 0.0606859, 0, 0, 0, 0, 0.0437638, 0.205179, 0, 0, 0, 0.00627547, 0, 0.0795681, 0, 0, 0.205575, 0.388036, 0, 0, 0, 0, 0, 0, 0, 0, 0, 0, 0, 0, 0, 1, 0, 0, 0, 0
150,  7.45,  0.965357,  1, 0.0561971, 0, 0, 0, 0, 0.0209662, 0.15203, 0, 0, 0, 0.00627547, 0, 0.102261, 0, 0, 0.39499, 0.363476, 0, 0, 0, 0, 0, 0, 0, 0, 0, 0, 0, 0, 0, 0, 0, 0, 0, 0
151,  7.5,  0.966129,  1, 0.172654, 0, 0, 0, 0, 0.00378166, 0.0205015, 0, 0, 0, 0.00627547, 0, 0.102261, 0, 0, 0.355519, 0.331413, 0, 0, 0, 0, 0, 0, 0, 0, 0, 0, 0, 0, 0, 0, 0, 0, 0, 0
152,  7.55,  0.960951,  1, 0.186021, 0, 0.0188361, 0, 0, 0.00378166, 0, 0, 0, 0, 0, 0, 0.0226934, 0, 0, 0.435959, 0.320256, 0, 0, 0, 0, 0, 0, 0, 0, 0, 0, 0, 0, 0, 0, 0, 0, 0, 0
153,  7.6,  0.96363,  1, 0.152396, 0, 0.0188361, 0, 0, 0, 0, 0, 0, 0, 0, 0.0129222, 0, 0, 0, 0.409738, 0.367438, 0, 0, 0, 0, 0, 0, 0, 0, 0, 0, 0, 0, 0, 0, 0, 0, 0, 0
154,  7.65,  0.965055,  1, 0.095653, 0.0154645, 0.0188361, 0, 0, 0, 0, 0, 0, 0, 0, 0.0129222, 0.0412374, 0, 0, 0.377331, 0.358425, 0, 0, 0, 0, 0, 0, 0, 0, 0, 0, 0, 0, 0, 1, 0, 0, 0, 0
155,  7.7,  0.968448,  1, 0.0597139, 0.0154645, 0.00856456, 0, 0, 0, 0, 0, 0, 0, 0, 0.0129222, 0.0412374, 0, 0, 0.395093, 0.35828, 0, 0, 0, 0, 0, 0, 0, 0, 0, 0, 0, 0, 0, 1, 0, 0, 0, 0
156,  7.75,  0.961355,  1, 0.132399, 0.0300321, 0.00856456, 0, 0, 0, 0, 0, 0, 0, 0, 0, 0.113209, 0, 0, 0.355854, 0.35775, 0, 0, 0, 0, 0, 0, 0, 0, 0, 0, 0, 0, 0, 1, 0, 0, 0, 0
157,  7.8,  0.960386,  1, 0.181466, 0.0145676, 0.0503274, 0, 0, 0.0392138, 0, 0, 0, 0, 0, 0, 0.141495, 0, 0, 0.287011, 0.377185, 0, 0, 0, 0, 0, 0, 0, 0, 0, 0, 0, 0, 0, 1, 0, 0, 0, 0
158,  7.85,  0.957172,  1, 0.217619, 0.0145676, 0.0417628, 0, 0, 0.0392138, 0, 0, 0, 0, 0, 0, 0.198403, 0, 0, 0.223263, 0.379793, 0, 0, 0, 0, 0, 0, 0, 0, 0, 0, 0, 0, 0, 1, 0, 0, 0, 0
159,  7.9,  0.958217,  1, 0.263192, 0.0083059, 0.0417628, 0, 0, 0.0392138, 0, 0, 0, 0, 0, 0, 0.165122, 0, 0.0130468, 0.120505, 0.392624, 0, 0, 0, 0, 0, 0, 0, 0, 0, 0, 0, 0, 0, 1, 0, 0, 0, 0
160,  7.95,  0.957756,  1, 0.192333, 0.0083059, 0, 0, 0, 0, 0, 0, 0, 0, 0, 0, 0.0961194, 0, 0.0130468, 0.322228, 0.469819, 0, 0, 0, 0, 0, 0, 0, 0, 0, 0, 0, 0, 0, 1, 0, 0, 0, 0
161,  8,  0.961403,  1, 0.208628, 0.0083059, 0, 0, 0, 0, 0, 0, 0, 0, 0, 0, 0.0392115, 0, 0.0130468, 0.527491, 0.51992, 0, 0, 0, 0, 0, 0, 0, 0, 0, 0, 0, 0, 0, 1, 0, 0, 0, 0
162,  8.05,  0.964326,  1, 0.255523, 0, 0, 0, 0, 0.106491, 0, 0, 0, 0, 0, 0, 0.00180746, 0, 0.0167144, 0.679615, 0.530665, 0, 0, 0, 0, 0, 0, 0, 0, 0, 0, 0, 0, 0, 0, 0, 0, 0, 0
163,  8.1,  0.962514,  1, 0.287295, 0, 0, 0, 0, 0.106491, 0, 0, 0, 0, 0, 0, 0.0149155, 0, 0.0441735, 0.692034, 0.489291, 0, 0, 0, 0, 0, 0, 0, 0, 0, 0, 0, 0, 0, 0, 0, 0, 0, 0
164,  8.15,  0.960449,  1, 0.309695, 0, 0, 0, 0, 0.106491, 0, 0, 0, 0, 0, 0, 0.0312299, 0, 0.0441735, 0.566907, 0.484092, 0, 0, 0, 0, 0, 0, 0, 0, 0, 0, 0, 0, 0, 0, 0, 0, 0, 0
165,  8.2,  0.966536,  1, 0.214915, 0, 0, 0, 0, 0, 0, 0, 0, 0, 0, 0, 0.0299428, 0, 0.0324237, 0.556883, 0.435742, 0, 0, 0, 0, 0, 0, 0, 0, 0, 0, 0, 0, 0, 0, 0, 0, 0, 0
166,  8.25,  0.966342,  1, 0.234328, 0, 0.0115459, 0, 0, 0, 0, 0, 0, 0, 0, 0, 0.0163144, 0, 0.00496455, 0.433057, 0.414061, 0, 0, 0, 0, 0, 0, 0, 0, 0, 0, 0, 0, 0, 0, 0, 0, 0, 0
167,  8.3,  0.963182,  1, 0.304629, 0, 0.0785108, 0, 0, 0.019958, 0, 0, 0, 0, 0, 0, 0, 0, 0.00496455, 0.319436, 0.399859, 0, 0, 0, 0, 0, 0, 0, 0, 0, 0, 0, 0, 0, 0, 0, 0, 0, 0
168,  8.35,  0.966291,  1, 0.372125, 0, 0.0785108, 0, 0, 0.019958, 0, 0, 0, 0, 0, 0, 0.148134, 0, 0, 0.315257, 0.394559, 0, 0, 0, 0, 0, 0, 0, 0, 0, 0, 0, 0, 0, 1, 0, 0, 0, 0
169,  8.4,  0.969561,  1, 0.389713, 0, 0.0669649, 0, 0, 0.019958, 0, 0, 0, 0, 0, 0, 0.148134, 0, 0, 0.253582, 0.385643, 0, 0, 0, 0, 0, 0, 0, 0, 0, 0, 0, 0, 0, 1, 0, 0, 0, 0
170,  8.45,  0.96833,  1, 0.325443, 0, 0.00379614, 0, 0, 0, 0, 0, 0, 0, 0, 0, 0.176924, 0, 0, 0.238765, 0.397944, 0, 0, 0, 0, 0, 0, 0, 0, 0, 0, 0, 0, 0, 1, 0, 0, 0, 0
171,  8.5,  0.969206,  1, 0.262478, 0, 0.0353946, 0, 0, 0, 0, 0, 0, 0, 0, 0, 0.0287901, 0, 0, 0.151597, 0.395525, 0, 0, 0, 0, 0, 0, 0, 0, 0, 0, 0, 0, 0, 0, 0, 0, 0, 0
172,  8.55,  0.9618,  1, 0.198102, 0, 0.0353946, 0, 0, 0, 0, 0, 0, 0, 0, 0.0165433, 0.0287901, 0, 0, 0.122955, 0.360259, 0, 0, 0, 0, 0, 0, 0, 0, 0, 0, 0, 0, 0, 0, 0, 0, 0, 0
173,  8.6,  0.965286,  1, 0.224216, 0, 0.114668, 0, 0, 0, 0, 0, 0, 0, 0, 0.0165433, 0.152267, 0, 0, 0.0905593, 0.265361, 0, 0, 0, 0, 0, 0, 0, 0, 0, 0, 0, 0, 0, 0, 0, 0, 0, 0
174,  8.65,  0.967955,  1, 0.24583, 0, 0.0830697, 0, 0, 0, 0, 0, 0, 0, 0, 0.0165433, 0.196396, 0, 0, 0.0186098, 0.187303, 0, 0, 0, 0, 0, 0, 0, 0, 0, 0, 0, 0, 0, 0, 0, 0, 0, 0
175,  8.7,  0.961489,  1, 0.249566, 0, 0.0830697, 0, 0, 0, 0, 0, 0, 0, 0, 0, 0.196396, 0, 0, 0.0261068, 0.126383, 0, 0, 0, 0, 0, 0, 0, 0, 0, 0, 0, 0, 0, 0, 0, 0, 0, 0
176,  8.75,  0.96504,  1, 0.165513, 0, 0, 0, 0, 0, 0, 0, 0, 0, 0, 0.0187699, 0.183007, 0, 0, 0.0476686, 0.094443, 0, 0, 0, 0, 0, 0, 0, 0, 0, 0, 0, 0, 0, 0, 0, 0, 0, 0
177,  8.8,  0.969268,  1, 0.0694479, 0, 0, 0, 0, 0, 0, 0, 0, 0, 0, 0.0187699, 0.236159, 0, 0, 0.0476686, 0.110061, 0, 0, 0, 0, 0, 0, 0, 0, 0, 0, 0, 0, 0, 0, 0, 0, 0, 0
178,  8.85,  0.967766,  1, 0.0782853, 0.0481181, 0.0240605, 0, 0, 0.0411036, 0, 0, 0, 0, 0, 0.0187699, 0.315141, 0, 0, 0.0401715, 0.0797396, 0, 0, 0, 0, 0, 0, 0, 0, 0, 0, 0, 0, 0, 0, 0, 0, 0, 0
179,  8.9,  0.969781,  1, 0.118914, 0.0481181, 0.0490509, 0, 0, 0.0411036, 0, 0, 0, 0, 0, 0, 0.24906, 0, 0, 0.0624605, 0.0634197, 0, 0, 0, 0, 0, 0, 0, 0, 0, 0, 0, 0, 0, 0, 0, 0, 0, 0
180,  8.95,  0.966818,  1, 0.118461, 0.0481181, 0.08529, 0, 0, 0.053414, 0, 0, 0, 0, 0, 0.100598, 0.151779, 0, 0, 0.0624605, 0.100085, 0, 0, 0, 0, 0, 0, 0, 0, 0, 0, 0, 0, 0, 0, 0, 0, 0, 0
181,  9,  0.968623,  1, 0.0635699, 0, 0.0612295, 0, 0, 0.0123103, 0, 0, 0, 0, 0, 0.100598, 0.0727975, 0, 0, 0.0624605, 0.171719, 0, 0, 0, 0, 0, 0, 0, 0, 0, 0, 0, 0, 0, 0, 0, 0, 0, 0
182,  9.05,  0.965985,  1, 0, 0, 0.0362391, 0, 0, 0.0123103, 0, 0, 0, 0, 0, 0.100598, 0, 0, 0, 0, 0.216106, 0, 0, 0, 0, 0, 0, 0, 0, 0, 0, 0, 0, 0, 0, 0, 0, 0, 0
183,  9.1,  0.967981,  1, 0, 0.0138273, 0.00374644, 0, 0, 0, 0, 0, 0, 0, 0, 0, 0, 0, 0, 0, 0.184818, 0, 0, 0, 0, 0, 0, 0, 0, 0, 0, 0, 0, 0, 0, 0, 0, 0, 0
184,  9.15,  0.965258,  1, 0.0603054, 0.0398628, 0.00374644, 0, 0, 0, 0, 0, 0, 0, 0, 0.0269949, 0, 0, 0, 0, 0.113184, 0, 0, 0, 0, 0, 0, 0, 0, 0, 0, 0, 0, 0, 0, 0, 0, 0, 0
185,  9.2,  0.964287,  1, 0.0603054, 0.0398628, 0.00374644, 0, 0, 0.0882665, 0, 0, 0, 0, 0, 0.0269949, 0, 0, 0, 0.0721669, 0.0801398, 0, 0, 0, 0, 0, 0, 0, 0, 0, 0, 0, 0, 0, 0, 0, 0, 0, 0
186,  9.25,  0.969134,  1, 0.0603054, 0.0260354, 0, 0, 0, 0.0882665, 0, 0, 0, 0, 0, 0.114431, 0, 0, 0, 0.0737895, 0.0674599, 0, 0, 0, 0, 0, 0, 0, 0, 0, 0, 0, 0, 0, 0, 0, 0, 0, 0
187,  9.3,  0.970242,  1, 0, 0.0351678, 0, 0, 0, 0.0882665, 0, 0, 0, 0, 0.00892322, 0.087436, 0, 0, 0, 0.0874964, 0.0979247, 0, 0, 0, 0, 0, 0, 0, 0, 0, 0, 0, 0, 0, 0, 0, 0, 0, 0
188,  9.35,  0.967597,  1, 0, 0.0351678, 0, 0, 0, 0, 0, 0, 0, 0, 0.00892322, 0.087436, 0.0220047, 0, 0, 0.0153296, 0.0726659, 0, 0, 0, 0, 0, 0, 0, 0, 0, 0, 0, 0, 0, 0, 0, 0, 0, 0
189,  9.4,  0.965654,  1, 0.00565046, 0.0351678, 0, 0, 0, 0, 0, 0, 0, 0, 0.00892322, 0, 0.0378291, 0, 0, 0.0137069, 0.0786821, 0, 0, 0, 0, 0, 0, 0, 0, 0, 0, 0, 0, 0, 0, 0, 0, 0, 0
190,  9.45,  0.965958,  1, 0.0500121, 0, 0, 0, 0, 0, 0, 0, 0, 0, 0, 0.0663964, 0.0378291, 0, 0, 0.161565, 0.123716, 0, 0, 0, 0, 0, 0, 0, 0, 0, 0, 0, 0, 0, 0, 0, 0, 0, 0
191,  9.5,  0.966602,  1, 0.0500121, 0, 0, 0, 0, 0, 0, 0, 0, 0, 0, 0.0663964, 0.0158244, 0, 0.00614454, 0.27889, 0.204001, 0, 0, 0, 0, 0, 0, 0, 0, 0, 0, 0, 0, 0, 0, 0, 0, 0, 0
192,  9.55,  0.962371,  1, 0.130649, 0.0567814, 0.144904, 0, 0, 0, 0, 0, 0, 0, 0, 0.0663964, 0.0320495, 0, 0.0726889, 0.27889, 0.243712, 0, 0, 0, 0, 0, 0, 0, 0, 0, 0, 0, 0, 0, 0, 0, 0, 0, 0
193,  9.6,  0.967883,  1, 0.0862876, 0.0567814, 0.144904, 0, 0, 0, 0, 0, 0, 0, 0.0508094, 0.17198, 0.0320495, 0, 0.129355, 0.205245, 0.242066, 0, 0, 0, 0, 0, 0, 0, 0, 0, 0, 0, 0, 0, 0, 0, 0, 0, 0
194,  9.65,  0.973938,  1, 0.0862876, 0.0567814, 0.199929, 0, 0, 0, 0, 0, 0, 0, 0.0508094, 0.235878, 0.0320495, 0, 0.12321, 0.0879199, 0.238874, 0, 0, 0, 0, 0, 0, 0, 0, 0, 0, 0, 0, 0, 0, 0, 0, 0, 0
195,  9.7,  0.971109,  1, 0, 0, 0.0550249, 0, 0, 0, 0, 0, 0, 0, 0.0508094, 0.235878, 0, 0, 0.0698878, 0.0879199, 0.187819, 0, 0, 0, 0, 0, 0, 0, 0, 0, 0, 0, 0, 0, 0, 0, 0, 0, 0
196,  9.75,  0.966964,  1, 0.0405337, 0.00658879, 0.140179, 0, 0, 0, 0, 0, 0, 0, 0.0337961, 0.151078, 0, 0, 0.0132219, 0, 0.138152, 0, 0, 0, 0, 0, 0, 0, 0, 0, 0, 0, 0, 0, 0, 0, 0, 0, 0
197,  9.8,  0.967263,  1, 0.0405337, 0.00658879, 0.0971206, 0, 0, 0, 0, 0, 0, 0, 0.0337961, 0.101779, 0, 0, 0.0132219, 0.0951492, 0.074957, 0, 0, 0, 0, 0, 0, 0, 0, 0, 0, 0, 0, 0, 0, 0, 0, 0, 0
198,  9.85,  0.969553,  1, 0.0405337, 0.00658879, 0.204255, 0, 0, 0.122638, 0, 0, 0, 0, 0.193874, 0.266162, 0, 0, 0, 0.303891, 0.0790728, 0, 0, 0, 0, 0, 0, 0, 0, 0, 0, 0, 0, 0, 0, 0, 0, 0, 0
199,  9.9,  0.969434,  1, 0.0342405, 0.0582089, 0.164037, 0, 0, 0.129149, 0, 0, 0, 0, 0.160078, 0.191914, 0, 0, 0, 0.433387, 0.054887, 0, 0, 0, 0, 0, 0, 0, 0, 0, 0, 0, 0, 0, 0, 0, 0, 0, 0
200,  9.95,  0.967826,  1, 0.0342405, 0.0582089, 0.175763, 0, 0, 0.158767, 0, 0, 0, 0, 0.17283, 0.200738, 0, 0, 0, 0.557904, 0.0818475, 0, 0, 0, 0, 0, 0, 0, 0, 0, 0, 0, 0, 0, 0, 0, 0, 0, 0
201,  10,  0.969652,  1, 0.035956, 0.0582089, 0.0966214, 0, 0, 0.0361295, 0, 0, 0, 0, 0.0127516, 0.0692867, 0, 0, 0, 0.551848, 0.0738256, 0, 0, 0, 0, 0, 0, 0, 0, 0, 0, 0, 0, 0, 1, 0, 0, 0, 0
202,  10.05,  0.973619,  1, 0.0195413, 0.0935007, 0.111293, 0, 0, 0.059173, 0, 0, 0, 0, 0.0127516, 0.100013, 0, 0, 0, 0.448688, 0.132998, 0, 0, 0, 0, 0, 0, 0, 0, 0, 0, 0, 0, 0, 1, 0, 0, 0, 0
203,  10.1,  0.970044,  1, 0.0262676, 0.169882, 0.184249, 0, 0, 0.0531583, 0, 0, 0, 0.00230929, 0, 0.180224, 0, 0, 0, 0.229021, 0.15014, 0, 0, 0, 0, 0, 0, 0, 0, 0, 0, 0, 0, 0, 1, 0, 0, 0, 0
204,  10.15,  0.969581,  1, 0.0636397, 0.169882, 0.175685, 0, 0, 0.0531583, 0, 0, 0, 0.00230929, 0, 0.19741, 0, 0, 0.0920718, 0.0383, 0.15371, 0, 0, 0, 0, 0, 0, 0, 0, 0, 0, 0, 0, 0, 0, 0, 0, 0, 0
205,  10.2,  0.970289,  1, 0.0882627, 0.0763812, 0.140127, 0, 0, 0.0236041, 0, 0, 0, 0.00230929, 0, 0.273585, 0, 0, 0.160866, 0.223576, 0.15653, 0, 0, 0, 0, 0, 0, 0, 0, 0, 0, 0, 0, 0, 0, 0, 0, 0, 0
206,  10.25,  0.973078,  1, 0.0815364, 0, 0.0769921, 0, 0, 0, 0, 0, 0, 0, 0, 0.169951, 0, 0, 0.160866, 0.438272, 0.158554, 0, 0, 0, 0, 0, 0, 0, 0, 0, 0, 0, 0, 0, 0, 0, 0, 0, 0
207,  10.3,  0.971322,  1, 0.0424489, 0, 0.108593, 0, 0, 0, 0, 0, 0, 0, 0.0316453, 0.222912, 0, 0, 0.0687938, 0.478174, 0.19904, 0, 0, 0, 0, 0, 0, 0, 0, 0, 0, 0, 0, 0, 0, 0, 0, 0, 0
208,  10.35,  0.9711,  1, 0, 0, 0.0845433, 0, 0, 0.0481133, 0, 0, 0, 0, 0.0316453, 0.167064, 0, 0, 0, 0.457564, 0.181879, 0, 0, 0, 0, 0, 0, 0, 0, 0, 0, 0, 0, 0, 0, 0, 0, 0, 0
209,  10.4,  0.970667,  1, 0, 0, 0.0510292, 0, 0, 0.0481133, 0, 0, 0, 0, 0.0316453, 0.254034, 0, 0, 0, 0.32723, 0.178606, 0, 0, 0, 0, 0, 0, 0, 0, 0, 0, 0, 0, 0, 0, 0, 0, 0, 0
210,  10.45,  0.972038,  1, 0, 0, 0.0334825, 0, 0, 0.0849063, 0, 0, 0, 0, 0, 0.245462, 0, 0, 0, 0.48713, 0.161405, 0, 0, 0, 0, 0, 0, 0, 0, 0, 0, 0, 0, 0, 1, 0, 0, 0, 0
211,  10.5,  0.970512,  1, 0, 0, 0.0370149, 0, 0, 0.220603, 0, 0, 0, 0.0657296, 0, 0.347993, 0, 0, 0, 0.47619, 0.187074, 0, 0, 0, 0, 0, 0, 0, 0, 0, 0, 0, 0, 0, 1, 0, 0, 0, 0
212,  10.55,  0.977716,  1, 0, 0, 0.0370149, 0, 0, 0.220603, 0, 0, 0, 0.103506, 0, 0.345132, 0, 0, 0, 0.438018, 0.170502, 0, 0, 0, 0, 0, 0, 0, 0, 0, 0, 0, 0, 0, 1, 0, 0, 0, 0
213,  10.6,  0.975683,  1, 0, 0, 0.0124226, 0, 0, 0.18381, 0, 0, 0, 0.193817, 0, 0.438385, 0, 0, 0, 0.258222, 0.151831, 0, 0, 0, 0, 0, 0, 0, 0, 0, 0, 0, 0, 0, 1, 0, 0, 0, 0
214,  10.65,  0.978684,  1, 0, 0, 0.00889023, 0, 0, 0.044915, 0, 0, 0, 0.270467, 0, 0.459516, 0, 0, 0, 0.0781596, 0.160028, 0, 0, 0, 0, 0, 0, 0, 0, 0, 1, 0, 0, 0, 1, 0, 0, 0, 0
215,  10.7,  0.978061,  1, 0, 0, 0.0147398, 0, 0, 0.0734153, 0, 0, 0, 0.232691, 0, 0.447979, 0, 0.017236, 0, 0.0319706, 0.144824, 0, 0, 0, 0, 0, 0, 0, 0, 0, 1, 0, 1, 0, 1, 0, 0, 0, 0
216,  10.75,  0.980144,  1, 0, 0, 0.00584954, 0, 0, 0.148956, 0, 0, 0.022232, 0.373548, 0, 0.260218, 0, 0.0262951, 0, 0, 0.179907, 0, 0, 0, 0, 0, 0, 0, 0, 0, 1, 0, 0, 1, 1, 0, 0, 0, 0
217,  10.8,  0.978832,  1, 0, 0, 0.00584954, 0, 0, 0.284047, 0, 0, 0.057682, 0.489725, 0, 0.184507, 0, 0.072375, 0, 0.0439902, 0.151143, 0, 0, 0, 0, 0, 0, 0, 0, 0, 1, 0, 1, 1, 1, 0, 0, 0, 0
218,  10.85,  0.979901,  1, 0, 0, 0, 0, 0, 0.363787, 0, 0, 0.189659, 0.72594, 0, 0.137452, 0, 0.159084, 0, 0.0578022, 0.191097, 0, 0, 0, 0, 0, 0, 0, 0, 0, 1, 0, 1, 1, 1, 0, 0, 0, 0
219,  10.9,  0.978726,  1, 0, 0, 0, 0, 0, 0.63422, 0, 0, 0.37178, 0.811192, 0, 0.198932, 0, 0.32355, 0, 0.0578022, 0.152562, 0, 0, 0, 0, 0, 0, 0, 0, 0, 1, 0, 1, 1, 1, 0, 0, 0, 0
220,  10.95,  0.977132,  1, 0, 0, 0, 0, 0.0121897, 0.660379, 0, 0, 0.59343, 0.920298, 0, 0.143225, 0.10977, 0.482036, 0, 0.013812, 0.165239, 0, 0, 0, 0, 0, 0, 0, 0, 1, 1, 0, 1, 1, 1, 0, 0, 0, 0
221,  11,  0.98248,  1, 0, 0, 0, 0, 0.0640325, 0.749301, 0, 0, 0.802141, 0.985098, 0, 0.275954, 0.10977, 0.565266, 0, 0, 0.15299, 0, 0, 0, 0, 0, 1, 0, 0, 1, 1, 0, 1, 1, 1, 0, 0, 0, 0
222,  11.05,  0.978108,  1, 0, 0, 0, 0, 0.166347, 0.683905, 0, 0, 0.96165, 1.02871, 0, 0.369897, 0.148961, 0.624615, 0, 0, 0.181432, 0, 0, 0, 0, 0, 1, 0, 0, 1, 1, 0, 1, 1, 1, 0, 0, 0, 0
223,  11.1,  0.977878,  1, 0, 0, 0, 0, 0.274484, 0.749933, 0.0120035, 0, 1.07929, 1.05256, 0, 0.338479, 0.0391915, 0.646276, 0, 0, 0.15681, 0, 0, 0, 0, 0, 1, 0, 0, 1, 1, 0, 1, 1, 1, 0, 0, 0, 0
224,  11.15,  0.980159,  1, 0, 0, 0, 0, 0.359331, 0.864816, 0.0406301, 0, 1.23276, 1.06627, 0, 0.260222, 0.0435594, 0.733672, 0, 0, 0.143834, 0, 0, 0, 0, 1, 1, 0, 0, 1, 1, 0, 1, 1, 1, 0, 0, 0, 0
225,  11.2,  0.977532,  1, 0, 0, 0, 0, 0.715563, 0.698134, 0.442946, 0.0103933, 1.50838, 1.25453, 0, 0.104799, 0.0334653, 0.500798, 0.450781, 0.0377244, 0.112515, 0, 0, 0, 0, 1, 1, 0, 0, 1, 1, 0, 0, 0, 1, 0, 0, 0, 0
226,  11.25,  0.966418,  1, 0, 0, 0, 0, 0.961309, 0.730203, 0.637865, 0.107909, 1.82135, 1.35354, 0, 0.0799907, 0.0334653, 0.573122, 0.529468, 0.0377244, 0.0745254, 0, 0, 0, 0, 1, 1, 0, 0, 1, 1, 0, 0, 0, 1, 0, 0, 0, 0
227,  11.3,  0.977151,  1, 0, 0, 0, 0, 1.19939, 0.668348, 0.762364, 0.156629, 2.04826, 1.53737, 0, 0, 0.0290974, 0.645558, 0.566447, 0.0377244, 0.0348211, 0, 0, 0, 0, 1, 1, 1, 0, 1, 1, 0, 0, 0, 1, 0, 0, 0, 0
228,  11.35,  0.978015,  1, 0, 0, 0, 0, 1.0885, 0.795821, 0.528356, 0.189107, 2.08754, 1.40722, 0, 0, 0, 0.982637, 0.227777, 0, 0.011541, 0, 0, 0, 0, 1, 1, 1, 0, 1, 1, 0, 0, 0, 1, 0, 0, 0, 0
229,  11.4,  0.974038,  1, 0, 0, 0, 0, 1.06887, 0.929835, 0.510267, 0.101773, 2.13238, 1.38594, 0, 0, 0, 1.00661, 0.230648, 0, 0.011541, 0, 0, 0, 0, 1, 1, 1, 0, 1, 1, 0, 0, 0, 1, 0, 0, 0, 0
230,  11.45,  0.972287,  1, 0, 0, 0, 0, 1.0651, 1.05271, 0.508332, 0.193404, 2.13643, 1.41287, 0, 0, 0, 0.999555, 0.268627, 0, 0.011541, 0, 0, 0, 0, 1, 1, 1, 0, 1, 1, 0, 0, 0, 1, 0, 0, 0, 0
231,  11.5,  0.973536,  1, 0, 0, 0, 0, 1.05429, 1.07636, 0.547908, 0.198263, 2.13508, 1.54032, 0, 0, 0, 0.972946, 0.206173, 0, 0, 0, 0, 0, 0, 1, 1, 1, 0, 1, 1, 0, 0, 0, 1, 0, 0, 0, 0
232,  11.55,  0.970709,  1, 0, 0, 0, 0, 1.131, 0.930734, 0.630918, 0.263382, 2.10439, 1.61891, 0, 0, 0, 0.9954, 0.237702, 0, 0, 0, 0, 0, 0, 1, 1, 1, 0, 1, 1, 0, 0, 0, 1, 0, 0, 0, 0
233,  11.6,  0.975912,  1, 0, 0, 0, 0, 1.19682, 0.604777, 0.703049, 0.192558, 2.07349, 1.61015, 0, 0.0341903, 0, 0.966336, 0.337115, 0, 0, 0, 0, 0, 0, 1, 1, 1, 0, 1, 1, 0, 0, 0, 1, 0, 0, 0, 0
234,  11.65,  0.974505,  1, 0, 0, 0, 0, 1.30696, 0.630627, 0.689493, 0.20488, 2.04207, 1.59963, 0, 0.109603, 0, 0.972166, 0.367363, 0, 0, 0, 0, 0, 0, 1, 1, 1, 0, 1, 1, 0, 0, 0, 1, 0, 0, 0, 0
235,  11.7,  0.977153,  1, 0, 0, 0, 0, 1.33162, 0.605548, 0.600518, 0.217551, 2.00459, 1.5262, 0, 0.109603, 0, 0.909915, 0.421041, 0, 0, 0, 0, 0, 0, 1, 1, 1, 0, 1, 1, 0, 0, 0, 1, 0, 0, 0, 0
236,  11.75,  0.97463,  1, 0, 0, 0, 0, 1.32578, 0.984089, 0.617188, 0.273826, 1.9858, 1.46699, 0, 0.075413, 0, 0.905523, 0.377689, 0, 0, 0, 0, 0, 0, 1, 1, 1, 0, 1, 1, 0, 0, 0, 1, 0, 0, 0, 0
237,  11.8,  0.974427,  1, 0, 0, 0, 0, 1.32458, 0.996324, 0.640153, 0.382702, 2.02435, 1.42348, 0, 0, 0, 0.890758, 0.447436, 0, 0, 0, 0, 0, 0, 1, 1, 1, 0, 1, 1, 0, 0, 0, 1, 0, 0, 0, 0
238,  11.85,  0.971866,  1, 0, 0, 0, 0, 1.32327, 1.03131, 0.628184, 0.419053, 2.07981, 1.43373, 0, 0, 0, 0.898919, 0.461924, 0, 0, 0, 0, 0, 0, 1, 1, 1, 0, 1, 1, 0, 0, 0, 1, 0, 0, 0, 0
239,  11.9,  0.9781,  1, 0, 0, 0, 0, 1.33711, 0.971247, 0.566876, 0.451326, 2.14895, 1.4332, 0, 0, 0, 0.915532, 0.494381, 0, 0, 0, 0, 0, 0, 1, 1, 1, 0, 1, 1, 0, 0, 0, 1, 0, 0, 0, 0
240,  11.95,  0.978468,  1, 0, 0, 0, 0, 1.31509, 0.978499, 0.64289, 0.413898, 2.16667, 1.48881, 0, 0.0505954, 0, 0.920873, 0.434384, 0, 0, 0, 0, 0, 0, 1, 1, 1, 0, 1, 1, 0, 0, 0, 1, 0, 0, 0, 0
241,  12,  0.976589,  1, 0, 0, 0, 0, 1.30771, 1.03962, 0.716351, 0.47329, 2.14901, 1.52327, 0, 0.0677288, 0, 0.940103, 0.408206, 0, 0, 0, 0, 0, 0, 1, 1, 1, 0, 1, 1, 0, 0, 0, 1, 0, 0, 0, 0
242,  12.05,  0.975936,  1, 0, 0, 0, 0, 1.37782, 0.926286, 0.764169, 0.461838, 2.14007, 1.60458, 0, 0.0677288, 0, 0.939715, 0.414286, 0, 0, 0, 0, 0, 0, 1, 1, 1, 0, 1, 1, 0, 0, 0, 1, 0, 0, 0, 0
243,  12.1,  0.977743,  1, 0, 0, 0, 0, 1.47302, 1.05764, 0.779255, 0.50179, 2.14766, 1.60087, 0, 0.0171333, 0, 0.947976, 0.459954, 0, 0, 0, 0, 0, 0, 1, 1, 1, 0, 1, 1, 0, 0, 0, 1, 0, 0, 0, 0
244,  12.15,  0.976982,  1, 0, 0, 0, 0, 1.52588, 1.08675, 0.82085, 0.434278, 2.16117, 1.64908, 0, 0, 0, 0.954271, 0.503871, 0, 0, 0, 0, 0, 0, 1, 1, 1, 0, 1, 1, 0, 0, 0, 1, 0, 0, 0, 0
245,  12.2,  0.980233,  1, 0, 0, 0, 0, 1.48729, 1.24027, 0.854849, 0.404479, 2.14138, 1.62824, 0, 0, 0, 0.954996, 0.522363, 0, 0, 0, 0, 0, 0, 1, 1, 1, 0, 1, 1, 0, 0, 0, 0, 0, 0, 0, 0
246,  12.25,  0.977127,  1, 0, 0, 0, 0, 1.42403, 1.0465, 0.866418, 0.416207, 2.07794, 1.69287, 0, 0, 0.0136637, 0.943626, 0.695625, 0, 0, 0, 0, 0, 0, 1, 1, 1, 0, 1, 1, 0, 0, 0, 0, 0, 0, 0, 0
247,  12.3,  0.976342,  1, 0, 0, 0, 0, 1.30424, 0.859732, 0.827707, 0.456516, 1.95564, 1.59237, 0, 0, 0.0510375, 0.899019, 0.736547, 0, 0, 0, 0, 0, 0, 1, 1, 1, 0, 1, 1, 0, 0, 0, 0, 0, 0, 0, 0
248,  12.35,  0.98108,  1, 0, 0, 0, 0, 1.21943, 0.745732, 0.796488, 0.432901, 1.78835, 1.5709, 0, 0, 0.100464, 0.887028, 0.72224, 0, 0, 0, 0, 0, 0, 1, 1, 1, 0, 1, 1, 0, 0, 0, 0, 0, 0, 0, 0
249,  12.4,  0.977502,  1, 0, 0, 0, 0, 1.11056, 0.773299, 0.715935, 0.346326, 1.67288, 1.44701, 0, 0.087929, 0.0868002, 0.874958, 0.588565, 0, 0, 0, 0, 0, 0, 1, 1, 1, 0, 1, 1, 0, 0, 0, 0, 0, 0, 0, 0
250,  12.45,  0.978578,  1, 0, 0, 0, 0, 1.08323, 0.822946, 0.752812, 0.297222, 1.56481, 1.51884, 0.0357469, 0.087929, 0.0494264, 0.926052, 0.456088, 0, 0, 0, 0, 0, 0, 1, 1, 1, 0, 1, 1, 0, 0, 0, 1, 0, 0, 0, 0
251,  12.5,  0.976998,  1, 0, 0, 0, 0, 0.956856, 0.728931, 0.74777, 0.30958, 1.35227, 1.61582, 0.187685, 0.290796, 0.0222334, 0.903112, 0.282348, 0, 0, 0, 0, 0, 0, 1, 1, 1, 0, 1, 1, 0, 0, 0, 1, 0, 0, 0, 0
252,  12.55,  0.978651,  1, 0, 0, 0, 0, 0.750292, 0.749766, 0.759749, 0.212975, 0.980781, 1.55974, 0.378692, 0.481602, 0.151648, 0.839769, 0.107437, 0, 0, 0, 0, 0, 0, 1, 1, 1, 0, 1, 1, 1, 1, 0, 1, 0, 0, 0, 0
253,  12.6,  0.981172,  1, 0, 0, 0, 0, 0.472178, 0.539662, 0.630908, 0.105567, 0.609637, 1.44298, 0.719843, 0.903901, 0.315936, 0.73776, 0, 0, 0, 0, 0, 0, 0, 1, 1, 1, 0, 0, 1, 1, 1, 1, 1, 0, 0, 0, 0
254,  12.65,  0.981703,  1, 0, 0, 0, 0, 0.207013, 0.472339, 0.535287, 0, 0.273635, 1.19481, 0.874253, 1.29183, 0.468533, 0.67946, 0, 0, 0, 0, 0, 0, 0, 0, 1, 0, 0, 0, 1, 1, 1, 1, 1, 0, 0, 0, 0
255,  12.7,  0.978772,  1, 0, 0, 0, 0, 0.0667295, 0.394757, 0.443237, 0, 0.114193, 1.1559, 0.967371, 1.59128, 0.543384, 0.655687, 0, 0.0718037, 0.00712098, 0, 0, 0, 0, 0, 1, 0, 0, 0, 1, 1, 1, 1, 1, 0, 0, 0, 0
256,  12.75,  0.977504,  1, 0, 0, 0, 0, 0.063769, 0.669212, 0.467916, 0, 0, 0.957306, 1.02697, 1.64563, 0.547637, 0.434799, 0.255273, 0.112592, 0.170426, 0, 0, 0, 0, 0, 0, 0, 0, 0, 1, 1, 1, 1, 1, 0, 0, 0, 0
257,  12.8,  0.965107,  1, 0, 0, 0.0123768, 0, 0.0778451, 0.728527, 0.593129, 0, 0, 0.755887, 1.12581, 1.56851, 0.511899, 0.204579, 0.495322, 0.298331, 0.242228, 0, 0, 0, 0, 0, 0, 0, 0, 0, 1, 1, 1, 1, 1, 1, 0, 0, 0
258,  12.85,  0.961919,  1, 0, 0.019548, 0.0539728, 0, 0.110507, 0.62888, 0.604657, 0, 0, 0.475925, 1.39912, 1.5477, 0.517023, 0, 0.809293, 0.226527, 0.279746, 0, 0, 0, 0, 0, 0, 0, 0, 0, 1, 1, 1, 1, 1, 1, 0, 0, 0
259,  12.9,  0.972087,  1, 0, 0.019548, 0.0549074, 0, 0.0912465, 0.400081, 0.569616, 0, 0, 0.324313, 1.37461, 1.49632, 0.574677, 0, 0.950441, 0.277735, 0.116441, 0, 0, 0, 0, 0, 0, 0, 0, 0, 1, 1, 1, 1, 1, 1, 0, 0, 0
260,  12.95,  0.968156,  1, 0, 0.019548, 0.0425306, 0, 0.0771704, 0.410997, 0.455394, 0, 0, 0.373314, 1.55444, 1.60563, 0.538655, 0, 1.04532, 0.290122, 0.0446396, 0, 0, 0, 0, 0, 0, 0, 0, 0, 0, 1, 1, 1, 1, 1, 0, 0, 0
261,  13,  0.960896,  1, 0, 0, 0.00210101, 0, 0.111847, 0.301015, 0.438767, 0, 0, 0.541593, 1.46252, 1.89617, 0.456464, 0.0659612, 0.997549, 0.778793, 0, 0, 0, 0, 0, 0, 0, 0, 0, 0, 0, 1, 1, 1, 1, 1, 0, 0, 0
262,  13.05,  0.964642,  1, 0, 0, 0.00116642, 0.0798122, 0.087166, 0.326399, 0.410655, 0, 0, 0.664324, 1.60559, 2.22852, 0.434053, 0.0891296, 0.943665, 0.901678, 0.00787326, 0, 0, 0, 0, 0, 0, 0, 0, 0, 0, 1, 1, 1, 1, 1, 0, 0, 0
263,  13.1,  0.963302,  1, 0, 0, 0.00116642, 0.0798122, 0.120699, 0.126377, 0.421009, 0, 0, 0.776862, 1.59878, 2.35656, 0.443616, 0.135038, 0.912429, 0.893354, 0.00787326, 0, 0, 0, 0, 0, 0, 0, 0, 0, 1, 1, 1, 1, 1, 1, 0, 0, 0
264,  13.15,  0.962355,  1, 0, 0, 0, 0.0798122, 0.115387, 0.2197, 0.435741, 0, 0, 0.791978, 1.60496, 2.1526, 0.449989, 0.0916275, 0.90611, 0.63, 0.0206362, 0, 0, 0, 0, 0, 0, 0, 0, 0, 1, 1, 1, 1, 1, 1, 0, 0, 0
265,  13.2,  0.959459,  1, 0.0135587, 0, 0, 0, 0.174383, 0.125031, 0.502277, 0, 0, 0.87559, 1.42024, 1.99966, 0.360297, 0.110872, 0.904579, 0.634536, 0.012763, 0, 0, 0, 0, 0, 0, 0, 0, 0, 1, 1, 1, 1, 1, 1, 0, 0, 0
266,  13.25,  0.96148,  1, 0.0243638, 0, 0, 0, 0.216604, 0.124395, 0.41659, 0, 0, 0.872719, 1.23999, 1.86832, 0.328572, 0.148959, 0.879805, 0.515164, 0.012763, 0, 0, 0, 0, 0, 0, 0, 0, 0, 1, 1, 1, 1, 1, 1, 0, 0, 0
267,  13.3,  0.957405,  1, 0.0243638, 0, 0, 0, 0.218166, 0.155922, 0.424488, 0, 0, 0.956158, 1.1122, 1.82539, 0.286902, 0.164983, 0.985859, 0.583855, 0, 0, 0, 0, 0, 0, 0, 0, 0, 0, 1, 1, 1, 1, 1, 1, 0, 0, 0
268,  13.35,  0.965627,  1, 0.010805, 0, 0, 0, 0.249864, 0.222021, 0.374501, 0, 0.0215998, 1.0269, 1.22045, 1.83994, 0.360228, 0.138202, 0.772172, 0.467629, 0, 0, 0, 0, 0, 0, 0, 0, 0, 0, 1, 1, 1, 1, 1, 1, 0, 0, 0
269,  13.4,  0.957832,  1, 0, 0, 0, 0, 0.238633, 0.429654, 0.510003, 0, 0.0605985, 0.980637, 1.24593, 1.71598, 0.462048, 0.058121, 0.689231, 0.546028, 0, 0, 0, 0, 0, 0, 0, 0, 0, 0, 1, 1, 1, 1, 1, 1, 0, 0, 0
270,  13.45,  0.955983,  1, 0, 0, 0, 0, 0.257483, 0.301675, 0.491023, 0, 0.104713, 0.942205, 1.15285, 1.49303, 0.435972, 0.0802989, 0.57918, 0.409736, 0, 0, 0, 0, 0, 0, 0, 0, 0, 0, 1, 1, 1, 1, 1, 1, 0, 0, 0
271,  13.5,  0.954688,  1, 0, 0, 0, 0.017708, 0.305894, 0.381005, 0.457158, 0, 0.151071, 1.00952, 1.01553, 1.46487, 0.333179, 0.153777, 0.757732, 0.381671, 0, 0, 0, 0, 0, 0, 0, 0, 0, 0, 1, 1, 1, 1, 1, 1, 0, 0, 0
272,  13.55,  0.963181,  1, 0, 0, 0, 0.017708, 0.35641, 0.226274, 0.488067, 0, 0.138446, 1.09253, 1.05913, 1.67907, 0.333073, 0.149862, 0.85681, 0.484323, 0, 0, 0, 0, 0, 0, 0, 0, 0, 0, 1, 1, 1, 1, 1, 1, 0, 0, 0
273,  13.6,  0.958601,  1, 0, 0, 0, 0.017708, 0.391693, 0.222836, 0.543168, 0, 0.0943322, 1.19574, 1.16772, 1.88296, 0.400936, 0.138904, 0.780515, 0.638288, 0, 0, 0, 0, 0, 0, 0, 0, 0, 0, 1, 0, 1, 1, 1, 1, 0, 0, 0
274,  13.65,  0.958706,  1, 0, 0, 0.0164565, 0, 0.360305, 0.17865, 0.625227, 0, 0.0609495, 1.03362, 1.06558, 1.62048, 0.405893, 0.0497945, 0.705961, 0.745111, 0, 0, 0, 0, 0, 0, 0, 0, 0, 0, 1, 0, 1, 1, 1, 1, 0, 0, 0
275,  13.7,  0.961331,  1, 0, 0, 0.0164565, 0, 0.388844, 0.210174, 0.543536, 0, 0.109392, 0.952814, 0.912419, 1.45477, 0.407288, 0.0497945, 0.646136, 0.544557, 0, 0, 0, 0, 0, 1, 0, 0, 0, 0, 1, 0, 1, 1, 1, 1, 0, 0, 0
276,  13.75,  0.957394,  1, 0, 0, 0.0164565, 0, 0.378774, 0.42098, 0.517737, 0, 0.206617, 0.719258, 0.802999, 1.22818, 0.451931, 0.00147582, 0.792911, 0.353501, 0, 0, 0, 0, 0, 1, 0, 0, 0, 0, 1, 0, 1, 1, 1, 1, 0, 0, 0
277,  13.8,  0.962798,  1, 0, 0, 0, 0, 0.391239, 0.489027, 0.480089, 0, 0.30842, 0.882845, 0.830776, 1.32733, 0.49916, 0.0216471, 0.795878, 0.347146, 0, 0, 0, 0, 0, 1, 0, 0, 0, 0, 1, 0, 1, 1, 1, 1, 0, 0, 0
278,  13.85,  0.967391,  1, 0, 0, 0, 0, 0.454405, 0.624801, 0.563372, 0, 0.363958, 1.10792, 0.710914, 1.13534, 0.470399, 0.0609061, 0.811381, 0.35945, 0, 0, 0, 0, 0, 1, 0, 0, 0, 0, 1, 0, 1, 1, 1, 1, 0, 0, 0
279,  13.9,  0.961951,  1, 0, 0, 0, 0, 0.54109, 0.586287, 0.531849, 0, 0.383568, 1.1356, 0.618582, 1.27174, 0.422824, 0.109777, 0.710658, 0.35228, 0.0109761, 0, 0, 0, 0, 1, 1, 0, 0, 0, 1, 0, 1, 1, 1, 1, 0, 0, 0
280,  13.95,  0.965326,  1, 0, 0, 0, 0, 0.531057, 0.580722, 0.563119, 0, 0.327089, 0.994032, 0.530156, 1.2287, 0.292703, 0.089606, 0.733778, 0.265603, 0.0296615, 0, 0, 0, 0, 1, 1, 0, 0, 0, 1, 0, 1, 1, 1, 1, 0, 0, 0
281,  14,  0.970467,  1, 0, 0, 0, 0.0286151, 0.494167, 0.594521, 0.507498, 0, 0.278701, 0.831267, 0.491454, 1.23792, 0.237823, 0.0503469, 0.713054, 0.464139, 0.0296615, 0, 0, 0, 0, 1, 0, 0, 0, 0, 1, 0, 1, 1, 1, 1, 0, 0, 0
282,  14.05,  0.96772,  1, 0, 0, 0, 0.0286151, 0.359805, 0.434662, 0.494227, 0, 0.293803, 0.904439, 0.556122, 1.08328, 0.107066, 0, 0.774837, 0.494973, 0.0186855, 0, 0, 0, 0, 1, 0, 0, 0, 0, 1, 0, 1, 1, 1, 1, 0, 0, 0
283,  14.1,  0.969559,  1, 0, 0, 0, 0.0286151, 0.302459, 0.476315, 0.488089, 0, 0.27955, 0.898296, 0.584926, 1.04705, 0.173599, 0, 0.737952, 0.584117, 0, 0, 0, 0, 0, 0, 0, 0, 0, 0, 1, 0, 1, 1, 1, 1, 0, 0, 0
284,  14.15,  0.97257,  1, 0, 0, 0, 0, 0.168448, 0.387631, 0.467052, 0, 0.257195, 0.915386, 0.636, 1.00758, 0.131139, 0, 0.736288, 0.45843, 0, 0, 0, 0, 0, 0, 0, 0, 0, 0, 1, 0, 1, 1, 1, 1, 0, 0, 0
285,  14.2,  0.972115,  1, 0, 0, 0, 0, 0.160275, 0.501426, 0.459581, 0, 0.218348, 0.970923, 0.508354, 1.01463, 0.246335, 0, 0.724863, 0.585418, 0, 0, 0, 0, 0, 0, 0, 0, 0, 0, 1, 0, 1, 1, 1, 1, 0, 0, 0
286,  14.25,  0.969416,  1, 0, 0, 0, 0, 0.189492, 0.507697, 0.439999, 0, 0.290946, 0.906417, 0.407448, 0.968894, 0.352902, 0, 0.72744, 0.626849, 0, 0, 0, 0, 0, 0, 0, 0, 0, 0, 1, 0, 1, 1, 1, 1, 0, 0, 0
287,  14.3,  0.967557,  1, 0, 0, 0, 0.0398933, 0.277114, 0.659642, 0.490495, 0, 0.322077, 0.861991, 0.307247, 0.970293, 0.338559, 0, 0.735539, 0.725041, 0, 0, 0, 0, 0, 0, 0, 0, 0, 0, 1, 0, 1, 1, 1, 1, 0, 0, 0
288,  14.35,  0.965211,  1, 0, 0, 0, 0.0398933, 0.326343, 0.634796, 0.512995, 0, 0.365651, 0.718727, 0.291923, 0.966098, 0.378518, 0, 0.730827, 0.6311, 0.0130262, 0, 0, 0, 0, 0, 1, 0, 0, 0, 1, 0, 1, 1, 1, 1, 0, 0, 0
289,  14.4,  0.971597,  1, 0, 0, 0, 0.0398933, 0.311566, 0.608255, 0.486383, 0, 0.357379, 0.721048, 0.230874, 0.831765, 0.328973, 0, 0.827792, 0.555534, 0.0130262, 0, 0, 0, 0, 0, 1, 0, 0, 0, 1, 0, 1, 1, 1, 1, 0, 0, 0
290,  14.45,  0.967527,  1, 0, 0, 0, 0, 0.262136, 0.619419, 0.529582, 0, 0.365225, 0.73458, 0.318656, 0.872404, 0.458131, 0, 0.866348, 0.583888, 0.0130262, 0, 0, 0, 0, 1, 1, 0, 0, 0, 1, 0, 1, 1, 1, 1, 0, 0, 0
291,  14.5,  0.965697,  1, 0, 0, 0, 0, 0.262548, 0.637944, 0.559403, 0, 0.330572, 0.804674, 0.455568, 0.967409, 0.42894, 0.0206582, 0.914577, 0.525552, 0, 0, 0, 0, 0, 0, 1, 0, 0, 0, 1, 0, 1, 1, 1, 1, 0, 0, 0
292,  14.55,  0.965981,  1, 0, 0, 0, 0, 0.282882, 0.512103, 0.623453, 0, 0.266097, 0.891839, 0.532799, 1.18929, 0.402654, 0.0311156, 0.946708, 0.45424, 0, 0, 0, 0, 0, 0, 1, 0, 0, 0, 1, 0, 1, 1, 1, 1, 0, 0, 0
293,  14.6,  0.961638,  1, 0, 0, 0, 0, 0.346042, 0.33872, 0.465198, 0, 0.306782, 0.889063, 0.41811, 1.0482, 0.395213, 0.111883, 0.911722, 0.28219, 0, 0, 0, 0, 0, 0, 1, 0, 0, 0, 1, 0, 1, 1, 1, 1, 0, 0, 0
294,  14.65,  0.970553,  1, 0, 0, 0, 0, 0.287659, 0.547832, 0.366473, 0, 0.294631, 0.921225, 0.317753, 0.963194, 0.449877, 0.251553, 0.710606, 0.329826, 0.0201045, 0, 0, 0, 0, 0, 1, 0, 0, 0, 1, 0, 1, 1, 1, 0, 0, 0, 0
295,  14.7,  0.975161,  1, 0, 0, 0, 0, 0.210939, 0.78613, 0.28583, 0, 0.339821, 1.04637, 0.313055, 0.829984, 0.461921, 0.380526, 0.510863, 0.463611, 0.0201045, 0, 0, 0, 0, 0, 1, 0, 0, 0, 1, 0, 1, 1, 1, 0, 0, 0, 0
296,  14.75,  0.974492,  1, 0, 0, 0, 0, 0.156163, 0.772056, 0.287484, 0, 0.335744, 1.12373, 0.387144, 0.784019, 0.345717, 0.419364, 0.430021, 0.539319, 0.0201045, 0, 0, 0, 0, 0, 1, 0, 0, 0, 1, 0, 1, 1, 1, 0, 0, 0, 0
297,  14.8,  0.972651,  1, 0, 0, 0, 0, 0.246926, 0.731503, 0.390236, 0, 0.372498, 1.12783, 0.316721, 0.789348, 0.303551, 0.349168, 0.50984, 0.544529, 0, 0, 0, 0, 0, 0, 1, 0, 0, 0, 1, 0, 1, 1, 1, 0, 0, 0, 0
298,  14.85,  0.976117,  1, 0, 0, 0, 0, 0.286608, 0.639489, 0.417022, 0, 0.414208, 1.14134, 0.308181, 0.877122, 0.290905, 0.322273, 0.520124, 0.594374, 0.0299426, 0, 0, 0, 0, 0, 1, 0, 0, 0, 1, 0, 1, 1, 1, 0, 0, 0, 0
299,  14.9,  0.973476,  1, 0, 0, 0, 0, 0.276728, 0.747579, 0.456329, 0, 0.447485, 1.13795, 0.253091, 0.937439, 0.426214, 0.289935, 0.629608, 0.710305, 0.0378365, 0, 0, 0, 0, 0, 1, 0, 0, 0, 1, 0, 1, 1, 1, 0, 0, 0, 0
300,  14.95,  0.96947,  1, 0, 0, 0, 0, 0.292034, 0.750216, 0.389984, 0, 0.445718, 1.13004, 0.29212, 0.726467, 0.455802, 0.22033, 0.752519, 0.622743, 0.0378365, 0, 0, 0, 0, 1, 1, 0, 0, 0, 1, 0, 1, 1, 1, 1, 0, 0, 0
301,  15,  0.972234,  1, 0, 0, 0, 0.0148479, 0.27464, 0.821197, 0.373161, 0, 0.40691, 0.975747, 0.30701, 0.692653, 0.647356, 0.271851, 0.84925, 0.533756, 0.00789395, 0, 0, 0, 0, 1, 1, 0, 0, 0, 1, 0, 1, 1, 1, 1, 0, 0, 0
302,  15.05,  0.966227,  1, 0, 0, 0, 0.0148479, 0.29808, 0.823233, 0.313668, 0, 0.386233, 0.948178, 0.259203, 0.749248, 0.663483, 0.385888, 0.865527, 0.379118, 0, 0, 0, 0, 0, 1, 1, 0, 0, 0, 1, 0, 1, 1, 1, 1, 0, 0, 0
303,  15.1,  0.969467,  1, 0, 0, 0, 0.0148479, 0.243352, 0.604421, 0.365116, 0, 0.407359, 0.982047, 0.245839, 0.908197, 0.740642, 0.597905, 0.727607, 0.454124, 0, 0, 0, 0, 0, 1, 1, 0, 0, 0, 1, 0, 1, 1, 1, 1, 0, 0, 0
304,  15.15,  0.9638,  1, 0, 0, 0, 0, 0.247586, 0.328595, 0.338967, 0, 0.497501, 1.01862, 0.18933, 0.812756, 0.63587, 0.624624, 0.681864, 0.384807, 0, 0, 0, 0, 0, 1, 1, 0, 0, 0, 1, 0, 1, 1, 1, 1, 0, 0, 0
305,  15.2,  0.975748,  1, 0, 0, 0, 0, 0.158652, 0.355724, 0.323739, 0, 0.583398, 0.917738, 0.289283, 0.721135, 0.594642, 0.600882, 0.603977, 0.257231, 0, 0, 0, 0, 0, 1, 1, 0, 0, 1, 1, 0, 1, 1, 1, 1, 0, 0, 0
306,  15.25,  0.972294,  1, 0, 0, 0, 0, 0.165412, 0.485098, 0.236454, 0, 0.685697, 0.835269, 0.222767, 0.58568, 0.586999, 0.510446, 0.538859, 0.131277, 0, 0, 0, 0, 0, 1, 1, 0, 0, 1, 1, 0, 1, 1, 1, 1, 0, 0, 0
307,  15.3,  0.980067,  1, 0, 0, 0, 0, 0.267278, 0.805012, 0.209338, 0, 0.751757, 0.824503, 0.155053, 0.591033, 0.570716, 0.48024, 0.52058, 0.0396847, 0.00362002, 0, 0, 0, 0, 1, 1, 0, 0, 1, 1, 0, 1, 1, 1, 1, 0, 0, 0
308,  15.35,  0.976915,  1, 0, 0, 0, 0, 0.42732, 0.783332, 0.217706, 0, 0.872542, 0.80724, 0.00463593, 0.461329, 0.587691, 0.463029, 0.637871, 0.0801545, 0.0415373, 0, 0, 0, 0, 1, 1, 0, 0, 1, 1, 0, 1, 1, 1, 1, 0, 0, 0
309,  15.4,  0.981161,  1, 0, 0, 0, 0, 0.527977, 0.739073, 0.178879, 0, 0.979528, 0.804815, 0, 0.469437, 0.469217, 0.524863, 0.778368, 0.0683434, 0.0545638, 0, 0, 0, 0, 1, 1, 0, 0, 1, 1, 0, 1, 1, 1, 1, 0, 0, 0
310,  15.45,  0.974458,  1, 0, 0, 0, 0, 0.597754, 0.536518, 0.199599, 0.0521213, 1.09338, 0.845206, 0, 0.248471, 0.400611, 0.544144, 0.791978, 0.139406, 0.120796, 0, 0, 0, 0, 1, 1, 0, 0, 1, 1, 0, 0, 0, 1, 1, 0, 0, 0
311,  15.5,  0.964471,  1, 0, 0, 0, 0.0236555, 0.686895, 0.62772, 0.288894, 0.0987961, 1.1582, 0.987797, 0.00528981, 0.175948, 0.318322, 0.620956, 0.725342, 0.225167, 0.0828789, 0, 0, 0, 0, 1, 1, 0, 0, 1, 1, 0, 0, 0, 1, 1, 0, 0, 0
312,  15.55,  0.964198,  1, 0, 0, 0, 0.0236555, 0.72927, 0.681684, 0.407838, 0.0987961, 1.20928, 0.976452, 0.00528981, 0, 0.314173, 0.636603, 0.650823, 0.237805, 0.0698524, 0, 0, 0, 0, 1, 1, 0, 0, 1, 1, 0, 0, 0, 1, 1, 0, 0, 0
313,  15.6,  0.968372,  1, 0, 0, 0, 0.0236555, 0.735952, 0.7511, 0.547179, 0.0466748, 1.24168, 1.00789, 0.00528981, 0.0748952, 0.316837, 0.66507, 0.701488, 0.207632, 0, 0, 0, 0, 0, 1, 1, 0, 0, 1, 1, 0, 0, 0, 1, 1, 0, 0, 0
314,  15.65,  0.962521,  1, 0, 0, 0, 0, 0.69508, 0.649616, 0.632077, 0.0195805, 1.20644, 0.978719, 0, 0.0748952, 0.252293, 0.628951, 0.664666, 0.146854, 0, 0, 0, 0, 0, 1, 1, 0, 0, 1, 1, 0, 0, 0, 1, 1, 0, 0, 0
315,  15.7,  0.956346,  1, 0, 0, 0, 0, 0.672213, 0.505502, 0.6699, 0.0195805, 1.21369, 1.0391, 0, 0.0748952, 0.137349, 0.623699, 0.760463, 0.22968, 0, 0, 0, 0, 0, 1, 1, 0, 0, 1, 1, 0, 0, 0, 1, 1, 0, 0, 0
316,  15.75,  0.960534,  1, 0, 0, 0, 0.0487709, 0.670372, 0.468138, 0.657434, 0.0195805, 1.22589, 1.08419, 0, 0.0927276, 0.0294349, 0.654454, 0.883807, 0.224529, 0, 0, 0, 0, 0, 1, 1, 1, 0, 1, 1, 0, 1, 0, 1, 1, 0, 0, 0
317,  15.8,  0.962455,  1, 0, 0, 0, 0.0487709, 0.712596, 0.56129, 0.687068, 0.00540704, 1.26249, 1.16857, 0, 0.209721, 0.0824429, 0.71671, 0.956901, 0.236399, 0, 0, 0, 0, 0, 1, 1, 1, 0, 1, 1, 0, 1, 0, 1, 1, 0, 0, 0
318,  15.85,  0.960973,  1, 0, 0, 0, 0.0487709, 0.815114, 1.03697, 0.822211, 0.121094, 1.30064, 1.36478, 0, 0.231487, 0.0824429, 0.740821, 1.06393, 0.328654, 0, 0, 0, 0, 0, 1, 1, 1, 0, 1, 1, 0, 0, 0, 1, 1, 0, 0, 0
319,  15.9,  0.9649,  1, 0, 0, 0, 0, 0.837599, 1.04916, 0.851017, 0.220948, 1.39084, 1.36031, 0, 0.13876, 0.0824429, 0.70831, 1.07129, 0.404095, 0, 0, 0, 0, 0, 1, 1, 1, 0, 1, 1, 0, 0, 0, 1, 1, 0, 0, 0
320,  15.95,  0.96176,  1, 0, 0, 0, 0, 0.909392, 1.09623, 0.820641, 0.247078, 1.44159, 1.34005, 0, 0.0217668, 0.0830063, 0.669488, 1.02658, 0.326771, 0, 0, 0, 0, 0, 1, 1, 1, 0, 1, 1, 0, 1, 0, 1, 1, 0, 0, 0
321,  16,  0.967356,  1, 0, 0, 0, 0, 0.875005, 0.698385, 0.702253, 0.138176, 1.49863, 1.32144, 0, 0, 0.186859, 0.643529, 0.970009, 0.156478, 0, 0, 0, 0, 0, 1, 1, 1, 0, 1, 1, 0, 1, 0, 1, 1, 0, 0, 0
322,  16.05,  0.960027,  1, 0, 0, 0, 0, 0.918838, 0.760507, 0.689248, 0.0651492, 1.49202, 1.324, 0, 0.0230037, 0.28093, 0.662244, 0.851164, 0.199598, 0, 0, 0, 0, 0, 1, 1, 1, 0, 1, 1, 0, 0, 0, 1, 1, 0, 0, 0
323,  16.1,  0.963804,  1, 0, 0, 0, 0, 0.944126, 0.652186, 0.706237, 0.0773165, 1.59731, 1.31197, 0, 0.0869974, 0.197924, 0.630719, 0.878686, 0.30086, 0, 0, 0, 0, 0, 1, 1, 1, 0, 1, 1, 0, 0, 0, 1, 1, 0, 0, 0
324,  16.15,  0.958442,  1, 0, 0, 0, 0, 0.99855, 0.755763, 0.638646, 0.118682, 1.65141, 1.17799, 0, 0.0869974, 0.112863, 0.670048, 1.00967, 0.298792, 0, 0, 0, 0, 0, 1, 1, 1, 0, 1, 1, 0, 0, 0, 1, 1, 0, 0, 0
325,  16.2,  0.962222,  1, 0, 0, 0, 0, 1.10222, 0.816022, 0.677033, 0.209918, 1.71053, 1.15753, 0, 0.0639937, 0.0287836, 0.686344, 1.14407, 0.138144, 0, 0, 0, 0, 0, 1, 1, 1, 0, 1, 1, 0, 0, 0, 1, 1, 0, 0, 0
326,  16.25,  0.958021,  1, 0, 0, 0, 0, 1.06059, 0.834839, 0.636906, 0.359444, 1.71186, 1.098, 0, 0, 0.0456016, 0.7089, 1.24905, 0.0368827, 0, 0, 0, 0, 0, 1, 1, 1, 0, 1, 1, 0, 0, 0, 1, 1, 0, 0, 0
327,  16.3,  0.948666,  1, 0, 0, 0, 0, 1.06552, 0.945034, 0.758535, 0.317468, 1.66426, 1.06902, 0, 0, 0.0268099, 0.704558, 1.17176, 0.0628693, 0, 0, 0, 0, 0, 1, 1, 1, 0, 1, 1, 0, 0, 0, 1, 1, 0, 0, 0
328,  16.35,  0.955259,  1, 0, 0, 0, 0, 0.97648, 0.800293, 0.64159, 0.206844, 1.66265, 1.00558, 0, 0, 0.0479847, 0.685761, 1.14479, 0.128557, 0, 0, 0, 0, 0, 1, 1, 1, 0, 1, 1, 0, 0, 0, 1, 1, 0, 0, 0
329,  16.4,  0.953031,  1, 0, 0, 0, 0, 1.0659, 0.714971, 0.66444, 0.0136128, 1.67196, 1.03676, 0, 0, 0.0385415, 0.726925, 1.1667, 0.242177, 0, 0, 0, 0, 0, 1, 1, 1, 0, 1, 1, 0, 0, 0, 1, 1, 0, 0, 0
330,  16.45,  0.954147,  1, 0, 0, 0, 0, 1.0836, 0.695759, 0.566524, 0.0949321, 1.75013, 1.11924, 0, 0.0329761, 0.0385415, 0.690135, 1.10862, 0.253142, 0, 0, 0, 0, 0, 1, 1, 1, 0, 1, 1, 0, 0, 0, 1, 1, 0, 0, 0
331,  16.5,  0.953446,  1, 0, 0, 0, 0, 1.16524, 0.755163, 0.610493, 0.153414, 1.80669, 1.03044, 0, 0.0329761, 0.00737473, 0.714277, 1.09002, 0.187454, 0, 0, 0, 0, 0, 1, 1, 1, 0, 1, 1, 0, 0, 0, 1, 1, 0, 0, 0
332,  16.55,  0.963322,  1, 0, 0, 0, 0, 1.14166, 0.951327, 0.60811, 0.246086, 1.80328, 0.9877, 0, 0.0329761, 0, 0.687229, 1.13821, 0.0738342, 0, 0, 0, 0, 0, 1, 1, 1, 0, 1, 1, 0, 0, 0, 1, 1, 0, 0, 0
333,  16.6,  0.956363,  1, 0, 0, 0, 0, 1.20588, 0.958598, 0.665811, 0.230108, 1.78583, 0.856135, 0, 0, 0, 0.730276, 1.1999, 0, 0, 0, 0, 0, 0, 1, 1, 1, 0, 1, 1, 0, 0, 0, 1, 1, 0, 0, 0
334,  16.65,  0.960251,  1, 0, 0, 0, 0, 1.23439, 0.994902, 0.661567, 0.21597, 1.74757, 0.979285, 0, 0.00042094, 0, 0.73571, 1.1786, 0, 0, 0, 0, 0, 0, 1, 1, 1, 0, 1, 1, 0, 0, 0, 1, 1, 0, 0, 0
335,  16.7,  0.958801,  1, 0, 0, 0, 0, 1.326, 0.921678, 0.632629, 0.282174, 1.77989, 0.967312, 0, 0.00042094, 0.0199294, 0.768468, 1.01675, 0, 0, 0, 0, 0, 0, 1, 1, 1, 0, 1, 1, 0, 0, 0, 1, 1, 0, 0, 0
336,  16.75,  0.96381,  1, 0, 0, 0, 0, 1.47408, 1.22797, 0.678327, 0.366134, 1.87856, 1.05371, 0, 0.00042094, 0.0199294, 0.6437, 0.960813, 0, 0.161236, 0, 0, 0, 0, 1, 1, 1, 0, 1, 1, 0, 0, 0, 1, 1, 0, 0, 0
337,  16.8,  0.917593,  1, 0, 0, 0, 0.0264514, 1.63643, 1.38605, 0.702575, 0.542501, 2.0377, 1.02235, 0, 0, 0.0199294, 0.495955, 0.982252, 0, 0.385932, 0, 0, 0, 0, 1, 1, 1, 0, 1, 1, 0, 0, 0, 0, 1, 0, 0, 0
338,  16.85,  0.935604,  1, 0, 0, 0, 0.169262, 1.68923, 1.45798, 0.743287, 0.581762, 2.11024, 0.979343, 0, 0, 0, 0.318558, 0.999816, 0, 0.677527, 0, 0, 0, 0, 1, 1, 1, 0, 1, 1, 0, 0, 0, 0, 1, 0, 0, 0
339,  16.9,  0.948817,  1, 0, 0, 0, 0.273078, 1.64289, 1.07204, 0.687157, 0.664564, 2.13997, 0.919408, 0.000320825, 0, 0, 0.241273, 1.07397, 0, 0.814617, 0, 0, 0, 0, 1, 1, 1, 0, 1, 1, 0, 0, 0, 0, 1, 0, 0, 0
340,  16.95,  0.933376,  1, 0, 0, 0, 0.367047, 1.55778, 1.03292, 0.706979, 0.653387, 2.07193, 0.910791, 0.000320825, 0, 0, 0.213322, 1.11098, 0, 0.855955, 0, 0, 0, 0, 1, 1, 1, 0, 1, 1, 0, 0, 0, 0, 1, 0, 0, 0
341,  17,  0.935519,  1, 0, 0, 0, 0.373792, 1.56733, 0.923139, 0.737247, 0.68646, 2.0469, 0.914413, 0.000320825, 0, 0, 0.248052, 1.1139, 0, 0.819915, 0, 0, 0, 0, 1, 1, 1, 0, 1, 1, 0, 0, 0, 0, 1, 0, 0, 0
342,  17.05,  0.944845,  1, 0, 0, 0, 0.395634, 1.5475, 1.18164, 0.792366, 0.808719, 1.99849, 0.95096, 0.0293444, 0, 0, 0.278388, 1.12857, 0, 0.729735, 0, 0, 0, 0, 1, 1, 1, 0, 1, 1, 0, 0, 0, 0, 1, 0, 0, 0
343,  17.1,  0.947629,  1, 0, 0, 0, 0.442899, 1.58001, 1.24126, 1.00111, 0.897326, 1.93435, 0.830074, 0.0293444, 0, 0, 0.262196, 1.30575, 0, 0.624833, 0, 0, 0, 0, 1, 1, 1, 0, 1, 1, 0, 0, 0, 0, 1, 0, 0, 0
344,  17.15,  0.947194,  1, 0, 0, 0, 0.320834, 1.53758, 1.27134, 1.17885, 0.92549, 1.8214, 0.810777, 0.0293444, 0, 0, 0.283924, 1.35943, 0, 0.514369, 0, 0, 0, 0, 1, 1, 1, 0, 1, 1, 0, 0, 0, 0, 1, 0, 0, 0
345,  17.2,  0.951396,  1, 0, 0, 0, 0.338848, 1.50695, 1.17939, 1.30918, 0.743013, 1.73358, 0.703172, 0, 0, 0, 0.43275, 1.32944, 0, 0.414368, 0, 0, 0, 0, 1, 1, 1, 0, 1, 1, 0, 0, 0, 0, 1, 0, 0, 0
346,  17.25,  0.952082,  1, 0, 0, 0.035685, 0.351466, 1.46751, 1.17182, 1.27284, 0.609289, 1.7115, 0.726032, 0, 0, 0, 0.598838, 1.24671, 0, 0.345714, 0, 0, 0, 0, 1, 1, 1, 0, 1, 1, 0, 0, 0, 0, 1, 0, 0, 0
347,  17.3,  0.939112,  1, 0, 0, 0.035685, 0.586385, 1.40282, 1.10039, 1.20179, 0.52477, 1.7208, 0.717293, 0, 0, 0, 0.652626, 1.33042, 0, 0.275887, 0, 0, 0, 0, 1, 1, 1, 0, 1, 1, 0, 0, 0, 0, 1, 0, 0, 0
348,  17.35,  0.940334,  1, 0, 0, 0.0597898, 0.620417, 1.35614, 0.714476, 1.23703, 0.497493, 1.70828, 0.797874, 0, 0, 0, 0.608919, 1.36124, 0, 0.265125, 0, 0, 0, 0, 1, 1, 1, 0, 1, 1, 0, 0, 0, 0, 1, 0, 0, 0
349,  17.4,  0.94418,  1, 0, 0, 0.0241047, 0.813922, 1.30524, 0.685623, 1.22961, 0.438932, 1.63155, 0.843538, 0, 0, 0, 0.618531, 1.24765, 0, 0.254487, 0, 0, 0, 0, 1, 1, 1, 0, 1, 1, 0, 0, 0, 0, 1, 0, 0, 0
350,  17.45,  0.947422,  1, 0, 0, 0.0241047, 0.766456, 1.28189, 0.850224, 1.25173, 0.442328, 1.58263, 0.872871, 0, 0, 0, 0.617259, 1.09235, 0, 0.234072, 0, 0, 0, 0, 1, 1, 1, 0, 1, 1, 0, 0, 0, 0, 1, 0, 0, 0
351,  17.5,  0.957254,  1, 0, 0, 0, 0.645316, 1.26215, 1.29755, 1.29643, 0.35361, 1.49136, 0.957478, 0, 0, 0, 0.67235, 1.02309, 0, 0.136689, 0, 0, 0, 0, 1, 1, 1, 0, 1, 1, 0, 0, 0, 0, 1, 0, 0, 0
352,  17.55,  0.959399,  1, 0, 0, 0, 0.294483, 1.2562, 1.43059, 1.41064, 0.359169, 1.46813, 0.951775, 0, 0, 0, 0.67991, 0.903881, 0, 0.0548479, 0, 0, 0, 0, 1, 1, 1, 0, 1, 1, 0, 0, 0, 0, 1, 0, 0, 0
353,  17.6,  0.952049,  1, 0, 0, 0, 0.0795407, 1.27119, 1.53169, 1.49953, 0.302024, 1.45557, 1.07344, 0, 0, 0, 0.744129, 0.903489, 0, 0, 0, 0, 0, 0, 1, 1, 1, 0, 1, 1, 0, 0, 0, 0, 1, 0, 0, 0
354,  17.65,  0.954836,  1, 0, 0, 0, 0.0229773, 1.26462, 1.38387, 1.29229, 0.372745, 1.50422, 1.03502, 0, 0.0267986, 0, 0.750844, 0.947839, 0, 0, 0, 0, 0, 0, 1, 1, 1, 0, 1, 1, 0, 0, 0, 0, 1, 0, 0, 0
355,  17.7,  0.962865,  1, 0, 0, 0, 0, 1.12293, 1.17093, 1.13782, 0.439081, 1.51127, 1.17381, 0, 0.0267986, 0, 0.674665, 0.960457, 0, 0, 0, 0, 0, 0, 1, 1, 1, 0, 1, 1, 0, 0, 0, 0, 1, 0, 0, 0
356,  17.75,  0.95334,  1, 0, 0, 0, 0, 1.15894, 1.06971, 0.886839, 0.462639, 1.57421, 1.1679, 0, 0.0267986, 0, 0.736396, 0.948519, 0, 0, 0, 0, 0, 0, 1, 1, 1, 0, 1, 1, 0, 0, 0, 0, 1, 0, 0, 0
357,  17.8,  0.952326,  1, 0, 0, 0, 0, 1.07193, 0.993653, 0.773628, 0.399976, 1.58176, 1.20588, 0, 0, 0, 0.743982, 0.86668, 0, 0, 0, 0, 0, 0, 1, 1, 1, 0, 1, 1, 0, 0, 0, 0, 1, 0, 0, 0
358,  17.85,  0.968723,  1, 0, 0, 0, 0, 1.14834, 1.03241, 0.640583, 0.325827, 1.59961, 1.27656, 0, 0, 0, 0.823515, 0.840028, 0.0483808, 0, 0, 0, 0, 0, 1, 1, 1, 0, 1, 1, 0, 0, 0, 0, 1, 0, 0, 0
359,  17.9,  0.972932,  1, 0, 0, 0, 0, 1.0195, 1.07479, 0.664329, 0.401058, 1.52983, 1.39351, 0, 0.0177509, 0, 0.675695, 0.821994, 0.0549971, 0, 0, 0, 0, 0, 1, 1, 1, 0, 1, 1, 0, 0, 0, 1, 1, 0, 0, 0
360,  17.95,  0.976181,  1, 0, 0, 0, 0, 1.04839, 1.23035, 0.775474, 0.481162, 1.48601, 1.63491, 0, 0.113361, 0.128747, 0.595952, 0.80559, 0.0549971, 0, 0, 0, 0, 0, 1, 1, 1, 0, 1, 1, 0, 0, 0, 1, 1, 0, 0, 0
361,  18,  0.978341,  1, 0, 0, 0, 0, 0.977105, 1.39278, 0.75257, 0.499427, 1.46537, 1.62697, 0, 0.161429, 0.248262, 0.519826, 0.791585, 0.00661623, 0, 0, 0, 0, 0, 1, 1, 1, 0, 1, 1, 0, 0, 0, 1, 1, 0, 0, 0
362,  18.05,  0.980821,  1, 0, 0, 0, 0, 0.972752, 1.43897, 0.662086, 0.346715, 1.44313, 1.55495, 0, 0.31097, 0.398035, 0.530645, 0.817534, 0.0121284, 0, 0, 0, 0, 0, 1, 1, 1, 0, 1, 1, 0, 0, 0, 1, 1, 0, 0, 0
363,  18.1,  0.982905,  1, 0, 0, 0, 0, 0.972163, 1.41825, 0.609274, 0.196488, 1.4205, 1.33973, 0.0402019, 0.431008, 0.430854, 0.532559, 0.772235, 0.0301644, 0, 0, 0, 0, 0, 1, 1, 1, 0, 1, 1, 0, 0, 0, 1, 1, 0, 0, 0
364,  18.15,  0.97913,  1, 0, 0, 0, 0, 1.05705, 1.41198, 0.662096, 0.14638, 1.40919, 1.33019, 0.0683202, 0.577103, 0.311567, 0.523867, 0.640229, 0.14587, 0.0067848, 0, 0, 0, 0, 1, 1, 1, 0, 1, 1, 0, 0, 0, 1, 0, 0, 0, 0
365,  18.2,  0.980445,  1, 0, 0, 0, 0, 1.1103, 1.38661, 0.776384, 0.23811, 1.40645, 1.36627, 0.235048, 0.668423, 0.2013, 0.540005, 0.426887, 0.19644, 0.0067848, 0, 0, 0, 0, 1, 1, 1, 0, 1, 1, 0, 0, 0, 1, 0, 0, 0, 0
366,  18.25,  0.980693,  1, 0, 0, 0, 0, 1.14416, 1.39028, 0.828836, 0.344816, 1.40118, 1.3774, 0.365085, 0.567582, 0.209375, 0.471863, 0.243298, 0.178404, 0.0067848, 0, 0, 0, 0, 1, 1, 1, 0, 1, 1, 0, 0, 0, 1, 0, 0, 0, 0
367,  18.3,  0.983842,  1, 0, 0, 0, 0, 1.15113, 1.40833, 0.862304, 0.359776, 1.3644, 1.37176, 0.450879, 0.687681, 0.370615, 0.418193, 0.18581, 0.0676654, 0, 0, 0, 0, 0, 1, 1, 1, 0, 1, 1, 0, 1, 0, 1, 0, 0, 0, 0
368,  18.35,  0.980533,  1, 0, 0, 0, 0, 1.13072, 1.52342, 0.834628, 0.421718, 1.32248, 1.44615, 0.45553, 0.691663, 0.520331, 0.332946, 0.24411, 0.0987868, 0, 0, 0, 0, 0, 1, 1, 1, 0, 1, 1, 1, 1, 0, 1, 0, 0, 0, 0
369,  18.4,  0.98281,  1, 0, 0, 0, 0, 1.03253, 1.65863, 0.803044, 0.492083, 1.27963, 1.56829, 0.510637, 0.930178, 0.519912, 0.42935, 0.174812, 0.106227, 0, 0, 0, 0, 0, 1, 1, 1, 0, 1, 1, 1, 1, 0, 1, 0, 0, 0, 0
370,  18.45,  0.978527,  1, 0, 0, 0, 0, 0.954257, 1.47407, 0.808954, 0.594726, 1.20084, 1.66923, 0.613959, 0.863039, 0.504649, 0.486183, 0.220689, 0.226474, 0, 0, 0, 0, 0, 1, 1, 1, 0, 1, 1, 1, 1, 0, 1, 0, 0, 0, 0
371,  18.5,  0.979647,  1, 0, 0, 0, 0, 0.937178, 1.41005, 0.935038, 0.546545, 1.09076, 1.63605, 0.731483, 1.03744, 0.471427, 0.499363, 0.0891203, 0.149282, 0, 0, 0, 0, 0, 1, 1, 1, 0, 1, 1, 1, 1, 0, 1, 0, 0, 0, 0
372,  18.55,  0.9823,  1, 0, 0, 0, 0, 0.930207, 1.21023, 0.995325, 0.458436, 0.984076, 1.48415, 0.686173, 0.875287, 0.349248, 0.397334, 0.34019, 0.245827, 0, 0, 0, 0, 0, 1, 1, 1, 0, 1, 1, 1, 1, 0, 1, 0, 0, 0, 0
373,  18.6,  0.98531,  1, 0, 0, 0, 0, 0.881644, 1.0446, 0.994012, 0.308027, 0.955562, 1.46264, 0.667671, 0.841468, 0.203043, 0.33807, 0.40527, 0.383921, 0, 0, 0, 0, 0, 1, 1, 1, 0, 1, 1, 1, 1, 0, 1, 0, 0, 0, 0
374,  18.65,  0.982637,  1, 0, 0, 0, 0, 0.748572, 0.803849, 0.829868, 0.276678, 0.980385, 1.55919, 0.546984, 0.520141, 0.208834, 0.346174, 0.586853, 0.601066, 0, 0, 0, 0, 0, 1, 1, 1, 0, 1, 1, 1, 1, 0, 1, 1, 0, 0, 0
375,  18.7,  0.982401,  1, 0, 0, 0, 0, 0.821531, 0.969395, 0.807621, 0.374082, 1.03574, 1.65881, 0.575209, 0.686861, 0.284144, 0.377487, 0.496106, 0.602956, 0, 0, 0, 0, 0, 1, 1, 1, 0, 1, 1, 1, 1, 0, 1, 1, 0, 0, 0
376,  18.75,  0.978303,  1, 0, 0, 0, 0.0331678, 0.847226, 1.09019, 0.815937, 0.430412, 1.0161, 1.73474, 0.508765, 0.794661, 0.380966, 0.41464, 0.475926, 0.469846, 0, 0, 0, 0, 0, 1, 1, 1, 0, 1, 1, 1, 1, 0, 1, 1, 0, 0, 0
377,  18.8,  0.978527,  1, 0, 0, 0, 0.0331678, 0.884082, 1.25009, 0.831847, 0.40354, 0.997074, 1.5581, 0.566087, 1.08833, 0.219175, 0.457414, 0.363699, 0.236073, 0, 0, 0, 0, 0, 1, 1, 1, 0, 1, 1, 1, 1, 0, 1, 1, 0, 0, 0
378,  18.85,  0.978394,  1, 0, 0, 0, 0.0331678, 0.827705, 1.11483, 0.806237, 0.347281, 0.933651, 1.52755, 0.68651, 1.09993, 0.0968228, 0.492173, 0.395492, 0.210005, 0, 0, 0, 0, 0, 1, 1, 1, 0, 1, 1, 1, 1, 0, 1, 1, 0, 0, 0
379,  18.9,  0.978769,  1, 0, 0, 0, 0.0691258, 0.822711, 1.27112, 0.786562, 0.322933, 0.911003, 1.35121, 0.924385, 1.14399, 0.0666614, 0.512674, 0.277411, 0.212879, 0, 0, 0, 0, 0, 1, 1, 1, 0, 1, 1, 1, 1, 0, 1, 1, 0, 0, 0
380,  18.95,  0.978776,  1, 0, 0, 0, 0.0691258, 0.774377, 1.17799, 0.837605, 0.372302, 0.862855, 1.40379, 0.948157, 1.12551, 0.111712, 0.486919, 0.356931, 0.241294, 0, 0, 0, 0, 0, 1, 1, 1, 0, 1, 1, 1, 1, 0, 1, 0, 0, 0, 0
381,  19,  0.981703,  1, 0, 0, 0, 0.0691258, 0.69914, 1.31311, 0.806863, 0.332017, 0.815192, 1.31628, 0.811518, 1.03893, 0.167568, 0.439485, 0.164815, 0.285736, 0, 0, 0, 0, 0, 1, 1, 1, 0, 1, 1, 1, 1, 0, 1, 0, 0, 0, 0
382,  19.05,  0.979563,  1, 0, 0, 0, 0.0694633, 0.587437, 1.31705, 0.701752, 0.361184, 0.70625, 1.18847, 0.750757, 0.975918, 0.100907, 0.427222, 0.150454, 0.152666, 0, 0, 0, 0, 0, 1, 1, 0, 0, 1, 1, 1, 1, 0, 1, 0, 0, 0, 0
383,  19.1,  0.97836,  1, 0, 0, 0, 0.0694633, 0.57558, 1.35162, 0.62625, 0.259656, 0.610493, 1.06159, 0.928024, 1.06339, 0.145494, 0.40029, 0, 0.126574, 0, 0, 0, 0, 0, 1, 1, 0, 0, 1, 1, 1, 1, 0, 1, 0, 0, 0, 0
384,  19.15,  0.975633,  1, 0, 0.054319, 0, 0.235418, 0.422487, 0.985494, 0.520143, 0.169834, 0.406358, 1.01806, 1.12145, 1.27346, 0.089638, 0.346086, 0.138815, 0.212145, 0, 0, 0, 0, 0, 0, 1, 0, 0, 0, 1, 1, 1, 0, 1, 0, 0, 0, 0
385,  19.2,  0.969451,  1, 0.0863356, 0.0584139, 0, 0.297033, 0.290591, 0.834521, 0.445179, 0.0622938, 0.264991, 1.07245, 1.36092, 1.48852, 0.101132, 0.266165, 0.138815, 0.514122, 0, 0, 0, 0, 0, 0, 1, 0, 0, 0, 1, 1, 1, 0, 1, 0, 0, 0, 0
386,  19.25,  0.969055,  1, 0.115651, 0.0584139, 0.0155442, 0.503395, 0.137445, 0.531797, 0.314864, 0, 0.0882994, 0.934015, 1.40456, 1.51698, 0.0114942, 0.166788, 0.258346, 0.742025, 0, 0, 0, 0, 0, 0, 1, 0, 0, 0, 1, 1, 1, 0, 0, 0, 0, 0, 0
387,  19.3,  0.963013,  1, 0.202095, 0.0430591, 0.0203535, 0.447657, 0.0701695, 0.384703, 0.232008, 0.0800314, 0.0488513, 0.856493, 1.6435, 1.43819, 0.0114942, 0.17975, 0.276702, 0.885223, 0, 0, 0, 0, 0, 0, 0, 0, 0, 0, 0, 1, 1, 0, 0, 1, 0, 0, 0
388,  19.35,  0.962882,  1, 0.178197, 0.202728, 0.0240513, 0.327822, 0.0263845, 0.224636, 0.168726, 0.113762, 0, 0.736794, 1.47314, 1.3839, 0, 0.153212, 0.372001, 0.964992, 0, 0, 0, 0, 0, 0, 0, 0, 0, 0, 0, 1, 1, 0, 0, 1, 0, 0, 0
389,  19.4,  0.961799,  1, 0.314762, 0.202728, 0.0479389, 0.12146, 0, 0.163595, 0.113585, 0.113762, 0, 0.648446, 1.59268, 1.43751, 0, 0.188961, 0.480322, 1.12153, 0, 0, 0, 0, 0, 0, 0, 0, 0, 0, 0, 1, 1, 0, 0, 0, 0, 0, 0
390,  19.45,  0.965411,  1, 0.392917, 0.227201, 0.0431296, 0.0112432, 0, 0.181283, 0.0695535, 0.033731, 0, 0.574529, 1.61451, 1.48491, 0, 0.142812, 0.446137, 1.11195, 0, 0, 0, 0, 0, 0, 0, 0, 0, 0, 0, 1, 1, 0, 0, 1, 0, 0, 0
391,  19.5,  0.972084,  1, 0.581497, 0.249205, 0.113631, 0.000285016, 0, 0.0286476, 0.0330184, 0, 0, 0.625673, 1.94865, 1.50076, 0, 0.123093, 0.528779, 1.18651, 0, 0, 0, 0, 0, 0, 0, 0, 0, 0, 0, 1, 1, 0, 0, 1, 0, 0, 0
392,  19.55,  0.968983,  1, 0.651679, 0.380206, 0.0781548, 0.000285016, 0, 0.0176879, 0, 0.00222904, 0, 0.642556, 1.97966, 1.37947, 0, 0.0615524, 0.47532, 0.998042, 0, 0, 0, 0, 0, 0, 0, 0, 0, 0, 0, 1, 1, 0, 0, 1, 0, 0, 0
393,  19.6,  0.979089,  1, 0.634077, 0.374628, 0.0856601, 0.000285016, 0, 0, 0, 0.00222904, 0, 0.631667, 2.08306, 1.32626, 0, 0.0253761, 0.603637, 1.04415, 0, 0, 0, 0, 0, 0, 0, 0, 0, 0, 0, 1, 1, 0, 0, 1, 1, 0, 0
394,  19.65,  0.970257,  1, 0.67687, 0.355639, 0.10641, 0.0404756, 0, 0, 0, 0.00222904, 0, 0.509714, 2.12898, 1.33252, 0, 0, 0.757888, 1.07148, 0, 0, 0, 0, 0, 0, 0, 0, 0, 0, 0, 1, 1, 0, 0, 1, 1, 0, 0
395,  19.7,  0.976212,  1, 0.777087, 0.496547, 0.102454, 0.0404756, 0, 0, 0, 0, 0, 0.606427, 2.30328, 1.24407, 0, 0, 0.881219, 1.29868, 0, 0, 0, 0, 0, 0, 0, 0, 0, 0, 0, 1, 1, 0, 0, 1, 1, 0, 0
396,  19.75,  0.979259,  1, 0.995419, 0.673511, 0.17546, 0.108559, 0, 0, 0.0289639, 0, 0, 0.648873, 2.23144, 1.21632, 0, 0, 0.920158, 1.24103, 0, 0, 0, 0, 0, 0, 0, 0, 0, 0, 0, 1, 1, 0, 0, 1, 0, 0, 0
397,  19.8,  0.978965,  1, 1.09248, 0.723625, 0.192212, 0.198834, 0, 0, 0.0289639, 0, 0, 0.624205, 1.92907, 0.919204, 0, 0, 0.966211, 1.04528, 0, 0, 0, 0, 0, 0, 0, 0, 0, 0, 0, 1, 1, 0, 0, 1, 1, 0, 0
398,  19.85,  0.974029,  1, 1.16821, 0.597386, 0.251514, 0.198834, 0, 0, 0.0601948, 0, 0, 0.434262, 1.65701, 0.804032, 0.123224, 0, 1.0934, 0.938448, 0, 0, 0, 0, 0, 0, 0, 0, 0, 0, 0, 1, 0, 0, 0, 1, 0, 0, 0
399,  19.9,  0.977122,  1, 1.10836, 0.402194, 0.179218, 0.130751, 0, 0, 0.0356036, 0, 0, 0.38123, 1.60929, 0.585722, 0.123224, 0, 1.1776, 1.02901, 0, 1, 0, 0, 0, 0, 0, 0, 0, 0, 0, 1, 0, 0, 0, 1, 0, 0, 0
400,  19.95,  0.981304,  1, 1.09444, 0.354225, 0.140013, 0.0702169, 0, 0, 0.0677917, 0, 0, 0.371183, 1.80748, 0.725644, 0.123224, 0, 1.1049, 0.955874, 0, 1, 0, 0, 0, 0, 0, 0, 0, 0, 0, 1, 0, 0, 0, 1, 0, 0, 0
401,  20,  0.979681,  1, 1.07955, 0.436916, 0.161829, 0.119754, 0, 0, 0.0538169, 0, 0, 0.483192, 1.82849, 0.707042, 0.0271914, 0, 1.01385, 0.909163, 0, 1, 0, 0, 0, 0, 0, 0, 0, 0, 0, 1, 0, 0, 0, 1, 0, 0, 0
402,  20.05,  0.981286,  1, 1.08357, 0.658215, 0.252899, 0.119754, 0, 0, 0.115774, 0, 0, 0.441752, 1.81679, 0.951599, 0.0435097, 0, 0.996874, 0.714722, 0, 1, 0, 0, 0, 0, 0, 0, 0, 0, 0, 1, 0, 0, 0, 1, 0, 0, 0
403,  20.1,  0.980103,  1, 1.00316, 0.64923, 0.216515, 0.0495374, 0, 0, 0.0868361, 0, 0, 0.334413, 1.73724, 1.05964, 0.0435097, 0, 1.01014, 0.840002, 0, 1, 0, 0, 0, 0, 0, 0, 0, 0, 0, 1, 0, 0, 0, 1, 0, 0, 0
404,  20.15,  0.979337,  1, 0.842603, 0.520309, 0.239926, 0.060302, 0, 0, 0.0779652, 0, 0, 0.244112, 1.78541, 1.06601, 0.0163183, 0, 0.920291, 0.743288, 0, 1, 0, 0, 0, 0, 0, 0, 0, 0, 0, 1, 1, 0, 0, 1, 0, 0, 0
405,  20.2,  0.97934,  1, 0.859662, 0.536813, 0.178993, 0.060302, 0, 0, 0.0141146, 0, 0, 0.231354, 1.88499, 0.99412, 0, 0, 0.918029, 0.726728, 0, 1, 0, 0, 0, 0, 0, 0, 0, 0, 0, 1, 1, 0, 0, 1, 0, 0, 0
406,  20.25,  0.976003,  1, 0.843519, 0.655863, 0.200308, 0.116557, 0, 0, 0.017216, 0, 0, 0.389155, 2.0189, 0.997749, 0, 0, 0.903389, 0.542325, 0, 1, 0, 0, 0, 0, 0, 0, 0, 0, 0, 1, 1, 0, 0, 1, 0, 0, 0
407,  20.3,  0.975271,  1, 0.861582, 0.621324, 0.0957785, 0.256756, 0, 0.0433746, 0.0317288, 0, 0, 0.355988, 2.10066, 1.18965, 0, 0, 0.814704, 0.456591, 0, 1, 0, 0, 0, 0, 0, 0, 0, 0, 0, 1, 1, 0, 0, 1, 0, 0, 0
408,  20.35,  0.964005,  1, 0.890499, 0.670168, 0.121744, 0.256756, 0, 0.0433746, 0.0292502, 0, 0, 0.372049, 1.94313, 1.14461, 0, 0, 0.73347, 0.465234, 0, 1, 0, 0, 0, 0, 0, 0, 0, 0, 0, 1, 1, 0, 0, 1, 0, 0, 0
409,  20.4,  0.9818,  1, 0.9274, 0.494656, 0.131145, 0.205659, 0, 0.0433746, 0.036917, 0, 0, 0.291183, 1.8621, 1.11815, 0, 0, 0.815464, 0.547878, 0, 1, 0, 0, 0, 0, 0, 0, 0, 0, 0, 1, 1, 0, 0, 1, 0, 0, 0
410,  20.45,  0.972944,  1, 1.03916, 0.70446, 0.191554, 0.118733, 0, 0.0691732, 0.0140189, 0, 0, 0.325675, 1.70239, 0.961614, 0, 0, 0.974919, 0.659565, 0, 1, 0, 0, 0, 0, 0, 0, 0, 0, 0, 1, 1, 0, 0, 1, 0, 0, 0
411,  20.5,  0.976527,  1, 0.945285, 0.411704, 0.260761, 0.145307, 0, 0.12799, 0.0140189, 0, 0, 0.220353, 1.82767, 1.06265, 0, 0, 1.04251, 0.593591, 0, 1, 0, 0, 0, 0, 0, 0, 0, 0, 0, 1, 0, 0, 0, 1, 0, 0, 0
412,  20.55,  0.9738,  1, 0.964834, 0.458672, 0.297517, 0.456278, 0, 0.12799, 0, 0, 0, 0.123795, 1.71916, 1.19113, 0, 0, 0.975408, 0.672602, 0, 1, 0, 0, 0, 0, 0, 0, 0, 0, 0, 1, 0, 0, 0, 1, 0, 0, 0
413,  20.6,  0.971815,  1, 0.987668, 0.566196, 0.369714, 0.588931, 0, 0.0588168, 0, 0, 0, 0.0439746, 1.57639, 1.35975, 0, 0, 1.01927, 0.725648, 0, 1, 0, 0, 0, 0, 0, 0, 0, 0, 0, 1, 1, 0, 0, 1, 0, 0, 0
414,  20.65,  0.975193,  1, 1.12213, 0.904508, 0.403882, 0.804899, 0, 0, 0, 0, 0, 0.0121655, 1.19134, 1.51354, 0, 0, 0.990176, 0.798311, 0, 1, 0, 0, 0, 0, 0, 0, 0, 0, 0, 1, 1, 0, 0, 1, 1, 0, 0
415,  20.7,  0.974609,  1, 1.20377, 1.21819, 0.463518, 0.646978, 0, 0, 0, 0, 0, 0, 0.980985, 1.49291, 0, 0, 1.01118, 0.626503, 0, 1, 0, 0, 0, 0, 0, 0, 0, 0, 0, 1, 1, 0, 0, 1, 1, 0, 0
416,  20.75,  0.975209,  1, 1.22776, 1.3154, 0.550908, 0.544081, 0, 0, 0, 0, 0, 0, 0.794744, 1.59096, 0, 0, 0.90795, 0.677178, 0, 1, 0, 0, 0, 0, 0, 0, 0, 0, 0, 1, 1, 0, 0, 1, 1, 0, 0
417,  20.8,  0.969054,  1, 1.23046, 1.35924, 0.476731, 0.426762, 0, 0, 0, 0, 0, 0, 0.76862, 1.59082, 0, 0, 0.918276, 0.665383, 0, 1, 0, 0, 0, 0, 0, 0, 0, 0, 0, 0, 1, 0, 0, 1, 0, 0, 0
418,  20.85,  0.973544,  1, 1.2489, 1.25427, 0.424357, 0.417811, 0, 0, 0, 0, 0, 0, 0.659111, 1.43488, 0, 0, 0.893886, 0.659011, 0, 1, 0, 0, 0, 0, 0, 0, 0, 0, 0, 0, 1, 0, 0, 1, 0, 0, 0
419,  20.9,  0.974263,  1, 1.30622, 1.22635, 0.321949, 0.440438, 0, 0, 0, 0, 0, 0, 0.655751, 1.23145, 0, 0, 0.994547, 0.495126, 0, 1, 0, 0, 0, 0, 0, 0, 0, 0, 0, 0, 0, 0, 0, 1, 0, 0, 0
420,  20.95,  0.976948,  1, 1.42811, 1.18621, 0.322, 0.474424, 0, 0, 0, 0, 0, 0, 0.603711, 1.02223, 0, 0, 1.03569, 0.435239, 0, 1, 0, 0, 0, 0, 0, 0, 0, 0, 0, 0, 0, 0, 0, 1, 0, 0, 0
421,  21,  0.973375,  1, 1.42458, 1.37148, 0.284248, 0.570222, 0, 0, 0, 0, 0, 0, 0.529745, 0.800121, 0, 0, 1.03316, 0.296133, 0, 1, 0, 0, 0, 0, 0, 0, 0, 0, 0, 0, 0, 0, 0, 1, 0, 0, 0
422,  21.05,  0.975263,  1, 1.41436, 1.40435, 0.193155, 0.754913, 0, 0, 0, 0, 0, 0, 0.347882, 0.634664, 0, 0, 0.861183, 0.1551, 0, 1, 0, 0, 0, 0, 0, 0, 0, 0, 0, 0, 0, 0, 0, 1, 0, 0, 0
423,  21.1,  0.980219,  1, 1.23776, 1.32025, 0.117989, 0.77703, 0, 0, 0, 0, 0, 0, 0.161082, 0.558006, 0, 0, 0.564289, 0, 0, 1, 0, 0, 0, 0, 0, 0, 0, 0, 0, 0, 0, 0, 0, 1, 0, 0, 0
424,  21.15,  0.975295,  1, 1.14622, 1.01171, 0.165535, 0.817324, 0, 0, 0, 0, 0, 0, 0.121908, 0.610649, 0, 0, 0.413101, 0.0503726, 0, 0, 0, 0, 0, 0, 0, 0, 0, 0, 0, 0, 0, 0, 0, 1, 0, 0, 0
425,  21.2,  0.975399,  1, 1.1263, 0.855543, 0.312201, 0.58321, 0, 0, 0, 0, 0, 0, 0.21225, 0.597011, 0, 0, 0.402438, 0.0503726, 0, 0, 0, 0, 0, 0, 0, 0, 0, 0, 0, 0, 0, 0, 0, 1, 0, 0, 0
426,  21.25,  0.978221,  1, 1.00127, 0.844999, 0.44414, 0.532902, 0, 0, 0, 0, 0, 0, 0.27786, 0.453603, 0, 0, 0.547881, 0.0503726, 0, 0, 0, 0, 0, 0, 0, 0, 0, 0, 0, 0, 0, 0, 0, 1, 0, 0, 0
427,  21.3,  0.976947,  1, 0.929152, 1.05179, 0.443382, 0.392308, 0, 0, 0, 0, 0, 0, 0.403918, 0.529807, 0, 0.0105099, 0.62516, 0, 0, 0, 0, 0, 0, 0, 0, 0, 0, 0, 0, 0, 0, 0, 0, 0, 0, 0, 0
428,  21.35,  0.979978,  1, 0.764383, 0.97856, 0.349016, 0.480525, 0, 0, 0, 0, 0, 0, 0.3971, 0.637305, 0, 0.0105099, 0.507025, 0.0648432, 0, 0, 0, 0, 0, 0, 0, 0, 0, 0, 0, 0, 0, 0, 0, 0, 0, 0, 0
429,  21.4,  0.977735,  1, 0.899739, 1.0769, 0.421157, 0.525756, 0, 0, 0, 0, 0, 0, 0.37066, 0.709801, 0, 0.0105099, 0.395621, 0.0648432, 0, 0, 0, 0, 0, 0, 0, 0, 0, 0, 0, 0, 0, 0, 0, 0, 0, 0, 0
430,  21.45,  0.979591,  1, 1.01039, 1.07824, 0.372642, 0.598083, 0, 0, 0, 0, 0, 0, 0.294017, 0.596339, 0, 0, 0.199888, 0.0648432, 0, 0, 0, 0, 0, 0, 0, 0, 0, 0, 0, 0, 0, 0, 0, 0, 0, 0, 0
431,  21.5,  0.972113,  1, 1.07298, 1.03568, 0.507873, 0.506484, 0, 0, 0, 0, 0, 0, 0.373889, 0.593668, 0, 0, 0.324274, 0, 0, 0, 0, 0, 0, 0, 0, 0, 0, 0, 0, 0, 0, 0, 0, 0, 0, 0, 0
432,  21.55,  0.974577,  1, 1.05593, 1.04427, 0.379213, 0.441144, 0, 0, 0, 0, 0, 0, 0.390767, 0.590294, 0, 0, 0.434938, 0, 0, 0, 0, 0, 0, 0, 0, 0, 0, 0, 0, 0, 0, 0, 0, 1, 0, 0, 0
433,  21.6,  0.975317,  1, 1.02194, 0.911059, 0.529254, 0.506867, 0, 0, 0, 0, 0, 0, 0.321368, 0.432071, 0, 0, 0.708708, 0, 0, 0, 0, 0, 0, 0, 0, 0, 0, 0, 0, 0, 0, 0, 0, 1, 0, 0, 0
434,  21.65,  0.975907,  1, 0.99492, 1.05608, 0.424257, 0.590715, 0, 0, 0, 0, 0, 0, 0.271188, 0.322557, 0, 0, 0.765064, 0, 0, 0, 0, 0, 0, 0, 0, 0, 0, 0, 0, 0, 0, 0, 0, 1, 0, 0, 0
435,  21.7,  0.977275,  1, 0.87605, 0.95007, 0.500316, 0.756442, 0, 0, 0, 0, 0, 0, 0.183719, 0.277626, 0, 0, 0.792628, 0, 0, 0, 0, 0, 0, 0, 0, 0, 0, 0, 0, 0, 0, 0, 0, 1, 0, 0, 0
436,  21.75,  0.977113,  1, 0.81943, 0.66794, 0.35743, 0.477832, 0, 0, 0, 0, 0, 0, 0.117514, 0.485896, 0, 0, 0.697094, 0, 0, 0, 0, 0, 0, 0, 0, 0, 0, 0, 0, 0, 0, 0, 0, 1, 0, 0, 0
437,  21.8,  0.972178,  1, 0.795313, 0.57295, 0.261402, 0.635127, 0, 0, 0, 0, 0, 0, 0.0496357, 0.675793, 0, 0, 0.607073, 0.112893, 0, 0, 0, 0, 0, 0, 0, 0, 0, 0, 0, 0, 0, 0, 0, 1, 0, 0, 0
438,  21.85,  0.974965,  1, 0.887011, 0.544868, 0.210422, 0.71439, 0, 0, 0, 0, 0, 0, 0.135377, 0.750384, 0, 0, 0.60487, 0.112893, 0, 0, 0, 0, 0, 0, 0, 0, 0, 0, 0, 0, 0, 0, 0, 1, 0, 0, 0
439,  21.9,  0.976193,  1, 0.867416, 0.940617, 0.218344, 0.855804, 0, 0, 0, 0, 0, 0, 0.209151, 0.887926, 0, 0, 0.584752, 0.112893, 0, 0, 0, 0, 0, 0, 0, 0, 0, 0, 0, 0, 0, 0, 0, 1, 0, 0, 0
440,  21.95,  0.975822,  1, 0.825172, 1.08964, 0.236829, 0.70954, 0, 0, 0, 0, 0, 0, 0.363598, 0.886517, 0, 0, 0.691084, 0, 0, 0, 0, 0, 0, 0, 0, 0, 0, 0, 0, 0, 0, 0, 0, 1, 0, 0, 0
441,  22,  0.976296,  1, 0.747039, 1.04689, 0.188599, 0.444001, 0, 0, 0, 0, 0, 0, 0.419093, 1.03059, 0, 0.00642323, 0.645807, 0, 0, 0, 0, 0, 0, 0, 0, 0, 0, 0, 0, 0, 0, 0, 0, 1, 0, 0, 0
442,  22.05,  0.974194,  1, 0.801046, 0.876216, 0.12129, 0.520003, 0, 0, 0, 0, 0, 0, 0.360552, 1.10387, 0, 0.00642323, 0.705498, 0, 0, 0, 0, 0, 0, 0, 0, 0, 0, 0, 0, 0, 0, 0, 0, 1, 0, 0, 0
443,  22.1,  0.967782,  1, 0.922112, 0.729642, 0.0931262, 0.465041, 0, 0, 0, 0, 0, 0, 0.160769, 1.0946, 0, 0.00642323, 0.585814, 0, 0, 0, 0, 0, 0, 0, 0, 0, 0, 0, 0, 0, 0, 0, 0, 1, 0, 0, 0
444,  22.15,  0.972756,  1, 0.982108, 0.625705, 0.0398575, 0.501658, 0, 0, 0, 0, 0, 0, 0.205824, 1.15448, 0, 0, 0.605822, 0, 0, 0, 0, 0, 0, 0, 0, 0, 0, 0, 0, 0, 0, 0, 0, 1, 0, 0, 0
445,  22.2,  0.977757,  1, 0.908077, 0.632712, 0.0216157, 0.348334, 0, 0, 0, 0, 0, 0, 0.356271, 1.1115, 0, 0.00488238, 0.512586, 0.0590403, 0, 0, 0, 0, 0, 0, 0, 0, 0, 0, 0, 0, 0, 0, 0, 1, 0, 0, 0
446,  22.25,  0.969514,  1, 0.746839, 0.577298, 0.0182941, 0.292858, 0, 0, 0, 0, 0, 0, 0.44097, 1.18348, 0, 0.0341328, 0.460682, 0.0590403, 0, 0, 0, 0, 0, 0, 0, 0, 0, 0, 0, 0, 0, 0, 0, 1, 0, 0, 0
447,  22.3,  0.970125,  1, 0.67892, 0.591499, 0.0345201, 0.16588, 0, 0, 0, 0, 0, 0, 0.333029, 1.05403, 0, 0.0341328, 0.316769, 0.0637313, 0, 0, 0, 0, 0, 0, 0, 0, 0, 0, 0, 0, 0, 0, 0, 1, 0, 0, 0
448,  22.35,  0.972732,  1, 0.713473, 0.652946, 0.0816532, 0.152281, 0, 0, 0, 0, 0, 0, 0.167349, 0.984645, 0, 0.095812, 0.369899, 0.067435, 0, 0, 0, 0, 0, 0, 0, 0, 0, 0, 0, 0, 0, 0, 0, 1, 0, 0, 0
449,  22.4,  0.974807,  1, 0.758206, 0.730106, 0.0816532, 0.26866, 0, 0, 0, 0, 0, 0, 0.111325, 0.856076, 0, 0.0665616, 0.474778, 0.067435, 0, 0, 0, 0, 0, 0, 0, 0, 0, 0, 0, 0, 0, 0, 0, 1, 0, 0, 0
450,  22.45,  0.973383,  1, 0.740771, 0.737956, 0.0480246, 0.350675, 0, 0, 0, 0, 0, 0, 0.0286739, 0.846956, 0, 0.0665616, 0.714747, 0.062744, 0, 0, 0, 0, 0, 0, 0, 0, 0, 0, 0, 0, 0, 0, 0, 1, 0, 0, 0
451,  22.5,  0.972792,  1, 0.666481, 0.561664, 0, 0.295987, 0, 0, 0, 0, 0, 0, 0.0445923, 0.900471, 0, 0.0292599, 0.699515, 0, 0, 0, 0, 0, 0, 0, 0, 0, 0, 0, 0, 0, 0, 0, 0, 1, 0, 0, 0
452,  22.55,  0.974761,  1, 0.621768, 0.466786, 0, 0.126925, 0, 0, 0, 0, 0, 0, 0.125741, 1.15707, 0, 0.06428, 0.553074, 0.00967499, 0, 0, 0, 0, 0, 0, 0, 0, 0, 0, 0, 0, 0, 0, 0, 1, 0, 0, 0
453,  22.6,  0.971521,  1, 0.669906, 0.57261, 0, 0.217443, 0, 0, 0, 0, 0, 0, 0.294519, 1.27877, 0, 0.0849632, 0.401603, 0.00967499, 0, 0, 0, 0, 0, 0, 0, 0, 0, 0, 0, 0, 0, 0, 0, 1, 0, 0, 0
454,  22.65,  0.975906,  1, 0.771072, 0.721757, 0.0100229, 0.222573, 0, 0, 0.00916838, 0, 0, 0.038184, 0.428035, 1.22746, 0, 0.0660107, 0.392013, 0.0253157, 0, 0, 0, 0, 0, 0, 0, 0, 0, 0, 0, 0, 0, 0, 0, 1, 0, 0, 0
455,  22.7,  0.974284,  1, 0.749933, 0.664888, 0.0100229, 0.177662, 0, 0, 0.0219225, 0, 0, 0.0869396, 0.58113, 1.13986, 0, 0.0413192, 0.474459, 0.0156407, 0, 0, 0, 0, 0, 0, 0, 0, 0, 0, 0, 0, 0, 0, 0, 0, 0, 0, 0
456,  22.75,  0.975154,  1, 0.652636, 0.635273, 0.0100229, 0.00512936, 0, 0, 0.0312523, 0, 0, 0.0869396, 0.49927, 1.17312, 0, 0.0957003, 0.393784, 0.0844226, 0, 0, 0, 0, 0, 0, 0, 0, 0, 0, 0, 0, 0, 0, 0, 0, 0, 0, 0
457,  22.8,  0.977777,  1, 0.494328, 0.383877, 0, 0, 0, 0, 0.022084, 0, 0, 0.0552581, 0.473595, 1.10797, 0, 0.115453, 0.350007, 0.0687819, 0, 0, 0, 0, 0, 0, 0, 0, 0, 0, 0, 0, 0, 0, 0, 0, 0, 0, 0
458,  22.85,  0.977849,  1, 0.554014, 0.470835, 0.00355048, 0.0707037, 0, 0.0264725, 0.026345, 0, 0, 0.114189, 0.346671, 1.06649, 0, 0.119431, 0.405404, 0.109623, 0, 0, 0, 0, 0, 0, 0, 0, 0, 0, 0, 0, 0, 0, 0, 0, 0, 0, 0
459,  22.9,  0.979469,  1, 0.449809, 0.368606, 0.00355048, 0.0976754, 0, 0.0493683, 0.0170152, 0, 0, 0.263217, 0.394222, 0.989173, 0, 0.0443672, 0.482893, 0.163999, 0, 0, 0, 0, 0, 0, 0, 0, 0, 0, 0, 0, 0, 0, 0, 0, 0, 0, 0
460,  22.95,  0.973078,  1, 0.38278, 0.467137, 0.00355048, 0.28429, 0, 0.167524, 0.0170152, 0, 0, 0.340421, 0.527977, 1.11817, 0, 0.0547246, 0.50483, 0.163999, 0, 0, 0, 0, 0, 0, 0, 0, 0, 0, 0, 0, 0, 0, 0, 0, 0, 0, 0
461,  23,  0.977022,  1, 0.161061, 0.245264, 0, 0.274315, 0, 0.141051, 0, 0, 0, 0.406568, 0.659498, 1.02748, 0, 0.131178, 0.351954, 0.259816, 0, 0, 0, 0, 0, 0, 0, 0, 0, 0, 0, 0, 0, 0, 0, 0, 0, 0, 0
462,  23.05,  0.975494,  1, 0.187314, 0.230235, 0, 0.247343, 0, 0.118156, 0, 0, 0, 0.35934, 0.793053, 1.03419, 0, 0.190209, 0.198713, 0.155578, 0, 0, 0, 0, 0, 0, 0, 0, 0, 0, 0, 0, 0, 0, 0, 0, 0, 0, 0
463,  23.1,  0.974955,  1, 0.167415, 0.204035, 0, 0.0660714, 0, 0.0452412, 0, 0, 0, 0.468225, 0.79034, 1.00801, 0, 0.243755, 0.111082, 0.155578, 0, 0, 0, 0, 0, 0, 0, 0, 0, 0, 0, 0, 0, 0, 0, 0, 0, 0, 0
464,  23.15,  0.973616,  1, 0.153775, 0.306251, 0, 0.00534266, 0, 0.0671846, 0, 0, 0, 0.361274, 0.764962, 1.04645, 0, 0.206198, 0.173448, 0.0189199, 0, 0, 0, 0, 0, 0, 0, 0, 0, 0, 0, 0, 0, 0, 0, 0, 0, 0, 0
465,  23.2,  0.976996,  1, 0.0801156, 0.245505, 0, 0.0228583, 0, 0.0899315, 0, 0, 0, 0.281141, 0.712132, 1.02865, 0.0060794, 0.270703, 0.181317, 0, 0, 0, 0, 0, 0, 0, 0, 0, 0, 0, 0, 0, 0, 0, 0, 0, 0, 0, 0
466,  23.25,  0.973947,  1, 0.048065, 0.129518, 0, 0.0175156, 0, 0.0738739, 0, 0, 0, 0.291093, 0.741614, 1.10042, 0.0223769, 0.21731, 0.116177, 0, 0, 0, 0, 0, 0, 0, 0, 0, 0, 0, 0, 0, 0, 0, 0, 0, 0, 0, 0
467,  23.3,  0.977239,  1, 0.0401917, 0.0776204, 0, 0.0175156, 0, 0.0519305, 0, 0, 0, 0.408286, 0.693019, 1.14148, 0.0223769, 0.272469, 0.029636, 0, 0, 0, 0, 0, 0, 0, 0, 0, 0, 0, 0, 0, 0, 0, 0, 0, 0, 0, 0
468,  23.35,  0.975025,  1, 0.125124, 0.257179, 0, 0, 0, 0.212756, 0, 0, 0, 0.489084, 0.669513, 1.16087, 0.0162975, 0.283298, 0.0217665, 0.0200083, 0, 0, 0, 0, 0, 0, 0, 0, 0, 0, 0, 0, 0, 0, 0, 0, 0, 0, 0
469,  23.4,  0.975624,  1, 0.0908233, 0.316765, 0, 0, 0, 0.183572, 0, 0, 0, 0.413881, 0.60896, 1.37532, 0, 0.37921, 0, 0.0200083, 0, 0, 0, 0, 0, 0, 0, 0, 0, 0, 0, 0, 1, 0, 0, 0, 0, 0, 0
470,  23.45,  0.974708,  1, 0.132826, 0.278704, 0, 0, 0, 0.183572, 0, 0, 0, 0.27485, 0.520321, 1.34958, 0, 0.338018, 0.0405416, 0.0200083, 0, 0, 0, 0, 0, 0, 0, 0, 0, 0, 0, 0, 1, 0, 0, 0, 0, 0, 0
471,  23.5,  0.978051,  1, 0.0631902, 0.191009, 0, 0.026658, 0, 0, 0, 0, 0, 0.257589, 0.412597, 1.47088, 0.0471531, 0.280213, 0.0405416, 0, 0, 0, 0, 0, 0, 0, 0, 0, 0, 0, 0, 0, 1, 0, 0, 0, 0, 0, 0
472,  23.55,  0.976541,  1, 0.103742, 0.168957, 0, 0.131615, 0, 0, 0, 0, 0, 0.286787, 0.387828, 1.33803, 0.0471531, 0.265984, 0.0405416, 0, 0, 0, 0, 0, 0, 0, 0, 0, 0, 0, 0, 0, 1, 0, 1, 0, 0, 0, 0
473,  23.6,  0.976233,  1, 0.0632224, 0.1567, 0, 0.203146, 0, 0.0430163, 0, 0, 0, 0.372562, 0.477317, 1.42106, 0.0471531, 0.23949, 0.0486824, 0.110119, 0, 0, 0, 0, 0, 0, 0, 0, 0, 0, 0, 0, 1, 0, 1, 0, 0, 0, 0
474,  23.65,  0.975969,  1, 0.109874, 0.14992, 0.00493016, 0.176488, 0, 0.128158, 0, 0, 0, 0.455918, 0.715905, 1.45177, 0, 0.220686, 0.0486824, 0.110119, 0, 0, 0, 0, 0, 0, 0, 0, 0, 0, 0, 0, 1, 0, 1, 0, 0, 0, 0
475,  23.7,  0.976581,  1, 0.0693226, 0.112386, 0.00493016, 0.0715308, 0, 0.235481, 0.00539556, 0, 0, 0.412268, 0.701021, 1.412, 0, 0.216037, 0.120078, 0.110119, 0, 0, 0, 0, 0, 0, 0, 0, 0, 0, 0, 0, 1, 0, 1, 0, 0, 0, 0
476,  23.75,  0.977033,  1, 0.13624, 0.160969, 0.00493016, 0.0650524, 0, 0.192465, 0.00539556, 0, 0, 0.450596, 0.6651, 1.42334, 0, 0.247949, 0.205367, 0, 0, 0, 0, 0, 0, 0, 0, 0, 0, 0, 0, 0, 1, 0, 0, 0, 0, 0, 0
477,  23.8,  0.977451,  1, 0.138236, 0.327825, 0, 0.0933089, 0, 0.107323, 0.00539556, 0, 0, 0.448209, 0.512806, 1.24434, 0, 0.22245, 0.205367, 0, 0, 0, 0, 0, 0, 0, 0, 0, 0, 0, 0, 0, 0, 0, 0, 0, 0, 0, 0
478,  23.85,  0.975823,  1, 0.202243, 0.531071, 0, 0.0933089, 0, 0.0883465, 0, 0, 0, 0.451072, 0.383651, 1.12776, 0, 0.104846, 0.286046, 0.0496379, 0, 0, 0, 0, 0, 0, 0, 0, 0, 0, 0, 0, 0, 0, 0, 0, 0, 0, 0
479,  23.9,  0.969209,  1, 0.259153, 0.813649, 0, 0.0828688, 0, 0.248889, 0, 0, 0, 0.281926, 0.225179, 1.00054, 0, 0.0322577, 0.167858, 0.0963521, 0, 0, 0, 0, 0, 0, 0, 0, 0, 0, 0, 0, 0, 0, 0, 0, 0, 0, 0
480,  23.95,  0.970817,  1, 0.345456, 0.67364, 0, 0.0546124, 0, 0.354723, 0, 0, 0, 0.115754, 0.0852746, 0.997079, 0, 0, 0.243276, 0.0963521, 0, 0, 0, 0, 0, 0, 0, 0, 0, 0, 0, 0, 0, 0, 0, 0, 0, 0, 0
481,  24,  0.971027,  1, 0.344887, 0.470393, 0, 0.0586514, 0, 0.407631, 0, 0, 0, 0, 0.030352, 1.01286, 0, 0, 0.161942, 0.0467142, 0, 0, 0, 0, 0, 0, 0, 0, 0, 0, 0, 0, 0, 0, 0, 0, 0, 0, 0
482,  24.05,  0.973684,  1, 0.268146, 0.139233, 0, 0.00403904, 0, 0.385593, 0, 0, 0, 0.0168722, 0.030352, 0.893099, 0, 0, 0.235533, 0, 0, 0, 0, 0, 0, 0, 0, 0, 0, 0, 0, 0, 0, 0, 0, 0, 0, 0, 0
483,  24.1,  0.977738,  1, 0.216707, 0.0548479, 0, 0.00403904, 0, 0.279759, 0, 0, 0, 0.0168722, 0.0413531, 0.898302, 0, 0, 0.193115, 0.0860766, 0, 0, 0, 0, 0, 0, 0, 0, 0, 0, 0, 0, 0, 0, 0, 0, 0, 0, 0
484,  24.15,  0.971491,  1, 0.265783, 0.132078, 0, 0, 0, 0.138505, 0, 0, 0, 0.0168722, 0.0413531, 0.777974, 0, 0, 0.122373, 0.0860766, 0, 0, 0, 0, 0, 0, 0, 0, 0, 0, 0, 0, 0, 0, 0, 0, 0, 0, 0
485,  24.2,  0.972824,  1, 0.292943, 0.19526, 0, 0, 0, 0.0112665, 0, 0, 0, 0, 0.0439353, 0.86445, 0, 0, 0.0330006, 0.0860766, 0, 0, 0, 0, 0, 0, 0, 0, 0, 0, 0, 0, 0, 0, 0, 0, 0, 0, 0
486,  24.25,  0.967581,  1, 0.303086, 0.288525, 0.00538944, 0, 0, 0.0649214, 0, 0, 0, 0, 0.00509449, 0.916211, 0, 0, 0.00206459, 0, 0, 0, 0, 0, 0, 0, 0, 0, 0, 0, 0, 0, 0, 0, 0, 0, 0, 0, 0
487,  24.3,  0.970961,  1, 0.233311, 0.211295, 0.00538944, 0, 0, 0.132607, 0, 0, 0, 0, 0.00509449, 0.889621, 0, 0, 0.00206459, 0, 0, 0, 0, 0, 0, 0, 0, 0, 0, 0, 0, 0, 0, 0, 0, 0, 0, 0, 0
488,  24.35,  0.971981,  1, 0.268676, 0.181807, 0.00538944, 0, 0, 0.161803, 0, 0, 0, 0.0257622, 0.017429, 0.909631, 0, 0, 0.0802649, 0, 0, 0, 0, 0, 0, 0, 0, 0, 0, 0, 0, 0, 0, 0, 0, 0, 0, 0, 0
489,  24.4,  0.974323,  1, 0.17763, 0.129197, 0, 0, 0, 0.275725, 0, 0, 0, 0.0257622, 0.0416256, 0.990406, 0, 0, 0.0809055, 0, 0, 0, 0, 0, 0, 0, 0, 0, 0, 0, 0, 0, 0, 0, 0, 0, 0, 0, 0
490,  24.45,  0.969839,  1, 0.215564, 0.129197, 0, 0, 0, 0.229469, 0, 0, 0, 0.066608, 0.148003, 1.15265, 0.0108535, 0, 0.0976899, 0, 0, 0, 0, 0, 0, 0, 0, 0, 0, 0, 0, 0, 0, 0, 0, 0, 0, 0, 0
491,  24.5,  0.975975,  1, 0.117759, 0.234825, 0, 0, 0, 0.191285, 0, 0, 0, 0.120094, 0.27904, 1.2136, 0.0108535, 0.0657444, 0.0797648, 0, 0, 0, 0, 0, 0, 0, 0, 0, 0, 0, 0, 0, 0, 0, 0, 0, 0, 0, 0
492,  24.55,  0.974673,  1, 0.0939632, 0.139322, 0, 0, 0, 0.121667, 0, 0, 0, 0.243307, 0.262838, 1.11041, 0.119017, 0.0871854, 0.0770596, 0, 0, 0, 0, 0, 0, 0, 0, 0, 0, 0, 0, 0, 0, 0, 0, 0, 0, 0, 0
493,  24.6,  0.978179,  1, 0.0132887, 0.139322, 0, 0, 0, 0.119042, 0.0339343, 0, 0, 0.38222, 0.18355, 0.975702, 0.141906, 0.167415, 0.0602752, 0.0400248, 0, 0, 0, 0, 0, 0, 0, 0, 0, 0, 0, 0, 0, 0, 0, 0, 0, 0, 0
494,  24.65,  0.976503,  1, 0, 0, 0, 0, 0, 0.187982, 0.0508602, 0, 0.00531635, 0.514397, 0.0474934, 0.879992, 0.141906, 0.230584, 0.0279243, 0.123663, 0, 0, 0, 0, 0, 0, 0, 0, 0, 0, 1, 0, 0, 0, 0, 0, 0, 0, 0
495,  24.7,  0.977015,  1, 0, 0, 0, 0.0852027, 0, 0.228723, 0.0508602, 0, 0.00531635, 0.57847, 0.236888, 0.834315, 0.129075, 0.327628, 0.0279243, 0.145957, 0, 0, 0, 0, 0, 0, 0, 0, 0, 0, 1, 0, 1, 0, 1, 0, 0, 0, 0
496,  24.75,  0.976344,  1, 0, 0, 0, 0.12816, 0, 0.368807, 0.0169259, 0, 0.0898706, 0.536175, 0.24527, 0.998745, 0.0953319, 0.366871, 0.0489079, 0.105932, 0, 0, 0, 0, 0, 0, 0, 0, 0, 0, 1, 0, 1, 0, 1, 0, 0, 0, 0
497,  24.8,  0.979475,  1, 0, 0, 0, 0.12816, 0, 0.297589, 0, 0, 0.240685, 0.481688, 0.235372, 1.01055, 0.153886, 0.398469, 0.0209835, 0.0222935, 0.0121661, 0, 0, 0, 0, 0, 0, 0, 0, 0, 1, 0, 1, 0, 1, 0, 0, 0, 0
498,  24.85,  0.975861,  1, 0, 0, 0, 0.0429576, 0, 0.343134, 0.0248025, 0, 0.435429, 0.588113, 0.0354701, 1.12763, 0.177813, 0.488198, 0.0209835, 0, 0.013011, 0, 0, 0, 0, 0, 0, 0, 0, 1, 1, 0, 1, 1, 1, 0, 0, 0, 0
499,  24.9,  0.977745,  1, 0, 0, 0, 0, 0, 0.332398, 0.071952, 0, 0.510901, 0.679331, 0, 1.14138, 0.242604, 0.600044, 0, 0.0894973, 0.013011, 0, 0, 0, 0, 0, 0, 0, 0, 1, 1, 0, 1, 1, 1, 0, 0, 0, 0
500,  24.95,  0.976563,  1, 0, 0, 0, 0, 0.061404, 0.629159, 0.071952, 0, 0.577658, 0.751668, 0, 1.21482, 0.37471, 0.61739, 0, 0.0894973, 0.0850117, 0, 0, 0, 0, 0, 0, 0, 0, 1, 1, 0, 1, 1, 1, 0, 0, 0, 0
501,  25,  0.977608,  1, 0, 0, 0, 0, 0.184212, 0.890283, 0, 0, 0.668663, 0.687826, 0, 1.06697, 0.57198, 0.533576, 0, 0, 0.2525, 0, 0, 0, 0, 0, 1, 0, 0, 1, 1, 0, 1, 1, 1, 0, 0, 0, 0
