frame, timestamp, confidence, success, AU01_r, AU02_r, AU04_r, AU05_r, AU06_r, AU07_r, AU09_r, AU10_r, AU12_r, AU14_r, AU15_r, AU17_r, AU20_r, AU23_r, AU25_r, AU26_r, AU45_r, AU01_c, AU02_c, AU04_c, AU05_c, AU06_c, AU07_c, AU09_c, AU10_c, AU12_c, AU14_c, AU15_c, AU17_c, AU20_c, AU23_c, AU25_c, AU26_c, AU28_c, AU45_c
1,  0,  0.961401,  1, 0, 0, 0, 0, 0.191043, 0.121718, 0, 0, 0.0625175, 0.0501091, 0, 0, 0, 0, 0.995644, 0.0860338, 0.405976, 0, 0, 1, 0, 1, 0, 0, 1, 1, 1, 0, 0, 0, 1, 0, 0, 0, 0
2,  0.0833333,  0.961049,  1, 0, 0, 0, 0, 0.286427, 0.0858979, 0.00184307, 0, 0.0367327, 0.249825, 0, 0.0925464, 0, 0, 1.05363, 0.390138, 0.360333, 0, 0, 1, 1, 1, 1, 0, 0, 1, 1, 0, 0, 0, 1, 1, 0, 0, 0
3,  0.166667,  0.961971,  1, 0, 0, 0, 0, 0.370991, 0.0817244, 0.00184307, 0, 0.0283546, 0.385361, 0, 0.0925464, 0, 0, 0.91574, 0.501407, 0.324459, 0, 0, 1, 0, 1, 0, 0, 0, 1, 1, 0, 0, 0, 1, 1, 0, 0, 1
4,  0.25,  0.955304,  1, 0, 0, 0, 0, 0.398416, 0.109302, 0.00184307, 0, 0.0892981, 0.395102, 0, 0.0530274, 0, 0, 0.703979, 0.474247, 0.37275, 0, 0, 1, 0, 1, 0, 0, 0, 1, 1, 0, 0, 0, 1, 0, 0, 0, 0
5,  0.333333,  0.964027,  1, 0.0485883, 0, 0, 0, 0.440272, 0.0639768, 0, 0, 0.127206, 0.428532, 0, 0.178103, 0, 0, 0.468533, 0.326894, 0.26615, 0, 0, 1, 0, 1, 1, 0, 0, 1, 1, 0, 0, 0, 1, 0, 0, 0, 0
6,  0.416667,  0.965587,  1, 0.0485883, 0, 0, 0, 0.43294, 0.0275776, 0, 0, 0.165358, 0.502331, 0, 0.271314, 0, 0.00634976, 0.468456, 0.310787, 0.23334, 0, 0, 1, 0, 1, 1, 0, 0, 1, 1, 0, 0, 0, 1, 0, 0, 0, 0
7,  0.5,  0.967484,  1, 0.0485883, 0, 0, 0, 0.456623, 0.217021, 0, 0, 0.171038, 0.736427, 0, 0.392746, 0, 0.013279, 0.364642, 0.326273, 0.156385, 0, 0, 1, 0, 1, 1, 0, 0, 1, 1, 1, 1, 0, 1, 0, 0, 1, 0
8,  0.583333,  0.968681,  1, 0.0093326, 0, 0, 0, 0.519885, 0.362502, 0.0174257, 0, 0.23558, 0.879644, 0, 0.535883, 0, 0.013279, 0.263733, 0.341587, 0.181907, 0, 0, 1, 0, 1, 1, 0, 0, 1, 1, 1, 1, 0, 1, 0, 0, 1, 0
9,  0.666667,  0.972786,  1, 0.0283783, 0, 0, 0, 0.571127, 0.427481, 0.0174257, 0, 0.2637, 1.00411, 0, 0.775344, 0, 0.0504296, 0.099651, 0.393665, 0.187665, 0, 0, 1, 0, 1, 1, 0, 0, 1, 1, 1, 1, 0, 1, 0, 0, 1, 0
10,  0.75,  0.970523,  1, 0.0283783, 0, 0, 0, 0.60572, 0.21046, 0.0174257, 0, 0.25368, 1.04859, 0, 0.805509, 0, 0.0976371, 0.0368383, 0.355112, 0.199728, 0, 0, 1, 0, 1, 1, 0, 0, 1, 1, 1, 1, 0, 1, 0, 0, 1, 0
11,  0.833333,  0.971717,  1, 0.0404269, 0, 0, 0, 0.624055, 0.0751568, 0, 0, 0.217931, 1.09873, 0, 0.867388, 0, 0.168557, 0.0368383, 0.432659, 0.198489, 0, 0, 1, 0, 1, 1, 0, 0, 1, 1, 1, 1, 0, 1, 0, 0, 1, 0
12,  0.916667,  0.976784,  1, 0.105894, 0, 0, 0, 0.63056, 0.0101775, 0.10689, 0, 0.182546, 1.12824, 0, 0.774364, 0, 0.148338, 0.0272347, 0.353674, 0.19451, 0, 0, 1, 0, 1, 1, 0, 0, 1, 1, 1, 1, 0, 1, 0, 0, 1, 0
13,  1,  0.97183,  1, 0.183262, 0, 0, 0, 0.577171, 0.163049, 0.230382, 0, 0.158069, 1.11045, 0.00753028, 0.782326, 0, 0.147248, 0.0767671, 0.231659, 0.166097, 0, 0, 0, 1, 1, 1, 0, 0, 1, 1, 1, 1, 0, 1, 0, 0, 1, 0
14,  1.08333,  0.971813,  1, 0.230864, 0, 0, 0, 0.550551, 0.297955, 0.294188, 0, 0.160072, 1.26271, 0.00753028, 0.659542, 0, 0.128602, 0.0767671, 0.261244, 0.159972, 0, 0, 0, 1, 1, 1, 0, 0, 1, 1, 1, 1, 0, 1, 0, 0, 1, 0
15,  1.16667,  0.969993,  1, 0.229846, 0, 0, 0, 0.585288, 0.321168, 0.252719, 0, 0.196203, 1.3077, 0.00753028, 0.669435, 0, 0.161155, 0.0884687, 0.222284, 0.123061, 0, 0, 0, 1, 1, 1, 0, 0, 1, 1, 1, 1, 0, 1, 0, 0, 1, 0
16,  1.25,  0.970815,  1, 0.284136, 0, 0, 0, 0.645744, 0.305516, 0.150843, 0, 0.225807, 1.41364, 0, 0.582144, 0, 0.136458, 0.102139, 0.230314, 0.119999, 0, 0, 0, 1, 1, 1, 0, 0, 1, 1, 1, 1, 0, 1, 0, 0, 1, 0
17,  1.33333,  0.970302,  1, 0.301499, 0, 0, 0, 0.626394, 0.160432, 0.0870372, 0, 0.210205, 1.28387, 0, 0.638955, 0, 0.102723, 0.179482, 0.191714, 0.0675575, 0, 0, 0, 1, 1, 1, 0, 0, 1, 1, 0, 1, 0, 1, 0, 0, 1, 0
18,  1.41667,  0.972178,  1, 0.316155, 0, 0, 0, 0.593038, 0.13722, 0.104917, 0, 0.224066, 1.28096, 0, 0.518069, 0, 0.0635469, 0.155279, 0.256083, 0.0547878, 0, 0, 1, 1, 1, 1, 0, 0, 1, 1, 0, 1, 0, 1, 0, 0, 1, 0
19,  1.5,  0.971961,  1, 0.194491, 0, 0, 0, 0.550949, 0, 0.0833019, 0, 0.212012, 1.20964, 0, 0.423269, 0, 0.0351965, 0.188553, 0.248053, 0.147552, 0, 0, 1, 1, 1, 0, 0, 0, 1, 1, 0, 1, 0, 1, 0, 0, 1, 0
20,  1.58333,  0.976895,  1, 0.251113, 0, 0.125224, 0, 0.633039, 0.370327, 0.116256, 0, 0.258574, 1.25626, 0, 0.159149, 0, 0.0166583, 0.248355, 0.122343, 0.661037, 0, 0, 1, 0, 1, 0, 0, 0, 1, 1, 0, 0, 0, 1, 0, 0, 0, 0
21,  1.66667,  0.9731,  1, 0.152962, 0, 0.146802, 0, 0.661263, 0.569165, 0.0683311, 0, 0.343946, 1.34194, 0, 0.0304959, 0, 0, 0.300428, 0, 1.36599, 0, 0, 1, 0, 1, 0, 0, 0, 1, 1, 0, 0, 0, 1, 0, 0, 0, 1
22,  1.75,  0.969299,  1, 0.142967, 0, 0.164195, 0, 0.698251, 0.678515, 0.163785, 0, 0.440954, 1.36689, 0, 0, 0, 0, 0.31687, 0, 1.90742, 0, 0, 1, 0, 1, 1, 0, 0, 1, 1, 0, 0, 0, 1, 0, 0, 0, 1
23,  1.83333,  0.965553,  1, 0.0272354, 0, 0.0389707, 0, 0.693698, 0.604771, 0.13083, 0, 0.443285, 1.3419, 0, 0, 0, 0, 0.3379, 0, 1.82545, 0, 0, 1, 0, 1, 1, 0, 0, 1, 1, 0, 0, 0, 1, 0, 0, 0, 1
24,  1.91667,  0.968253,  1, 0.0272354, 0, 0.0173929, 0, 0.581677, 0.405933, 0.0954535, 0, 0.311075, 1.04089, 0, 0, 0, 0, 0.4835, 0.11648, 1.17158, 0, 0, 1, 0, 1, 1, 0, 0, 1, 1, 0, 0, 0, 1, 0, 0, 0, 1
25,  2,  0.965562,  1, 0.0272354, 0, 0, 0, 0.50779, 0.296583, 0, 0, 0.234013, 0.80625, 0, 0, 0, 0, 0.492808, 0.195626, 0.595609, 0, 0, 1, 0, 1, 1, 0, 0, 1, 1, 0, 0, 0, 1, 0, 0, 0, 0
26,  2.08333,  0.964571,  1, 0, 0, 0, 0, 0.387475, 0.0367981, 0, 0, 0.188944, 0.624121, 0, 0, 0, 0.00308553, 0.466451, 0.308889, 0.215492, 0, 0, 0, 1, 1, 1, 0, 0, 1, 1, 0, 0, 0, 1, 0, 0, 1, 0
27,  2.16667,  0.96973,  1, 0.0175954, 0, 0, 0, 0.408842, 0.0711869, 0, 0, 0.1624, 0.618328, 0, 0, 0, 0.00308553, 0.318647, 0.351244, 0.211383, 0, 0, 0, 1, 1, 1, 0, 0, 1, 1, 0, 0, 0, 1, 0, 0, 1, 0
28,  2.25,  0.966834,  1, 0.0175954, 0, 0, 0, 0.415981, 0.0711869, 0, 0, 0.137553, 0.624137, 0, 0, 0, 0.00646398, 0.342961, 0.359575, 0.166363, 0, 0, 0, 1, 1, 1, 0, 0, 1, 1, 0, 0, 0, 1, 0, 0, 1, 0
29,  2.33333,  0.967656,  1, 0.0175954, 0, 0, 0, 0.405849, 0.0343888, 0, 0, 0.0806259, 0.586071, 0, 0, 0, 0.0309361, 0.220936, 0.246313, 0.141119, 0, 0, 0, 1, 1, 1, 0, 0, 1, 1, 0, 0, 0, 1, 0, 0, 1, 0
30,  2.41667,  0.969936,  1, 0, 0, 0, 0, 0.380478, 0, 0.0136487, 0, 0.0741186, 0.634814, 0, 0.0511636, 0, 0.0495225, 0.31034, 0.189672, 0.0909143, 0, 0, 0, 1, 1, 1, 0, 0, 1, 1, 0, 0, 0, 1, 0, 0, 1, 0
31,  2.5,  0.967864,  1, 0.00705955, 0, 0, 0, 0.386418, 0.0595718, 0.0644972, 0, 0.0555601, 0.722853, 0, 0.0511636, 0, 0.0483733, 0.158334, 0.132794, 0.077024, 0, 0, 0, 1, 1, 1, 0, 0, 1, 1, 0, 0, 0, 1, 0, 0, 1, 0
32,  2.58333,  0.968266,  1, 0.00705955, 0, 0, 0, 0.3903, 0.062997, 0.0644972, 0, 0.0555601, 0.709926, 0, 0.0511636, 0, 0.0507893, 0.27806, 0.132794, 0.0932917, 0, 0, 0, 1, 1, 1, 0, 0, 1, 1, 0, 0, 0, 1, 0, 0, 1, 0
33,  2.66667,  0.969281,  1, 0.00705955, 0, 0, 0, 0.39416, 0.062997, 0.0508485, 0, 0.0644395, 0.678168, 0, 0, 0, 0.0428194, 0.332283, 0.0485837, 0.160217, 0, 0, 1, 1, 1, 0, 0, 0, 1, 1, 0, 0, 0, 1, 1, 0, 1, 0
34,  2.75,  0.969962,  1, 0, 0, 0, 0, 0.341111, 0.00342525, 0, 0, 0.0223306, 0.596904, 0, 0.00752457, 0, 0.0405901, 0.428108, 0.0629308, 0.173711, 0, 0, 1, 1, 1, 1, 0, 0, 1, 1, 0, 0, 0, 1, 1, 0, 1, 0
35,  2.83333,  0.966948,  1, 0, 0, 0, 0, 0.313662, 0, 0.0552357, 0, 0.0223306, 0.784128, 0, 0.00752457, 0, 0.0106165, 0.349596, 0.0629308, 0.21509, 0, 0, 1, 1, 1, 1, 0, 0, 1, 1, 0, 0, 0, 1, 1, 0, 1, 0
36,  2.91667,  0.974001,  1, 0.0305888, 0, 0, 0, 0.311306, 0.129205, 0.0552357, 0, 0.0026402, 0.835004, 0, 0.00752457, 0, 0.00110334, 0.222785, 0.0449465, 0.2101, 0, 0, 1, 1, 1, 0, 0, 0, 1, 1, 0, 0, 0, 1, 1, 0, 0, 0
37,  3,  0.976548,  1, 0.0872516, 0, 0, 0, 0.345343, 0.129205, 0.0552357, 0, 0.0026402, 0.809142, 0, 0.00810118, 0, 0.00110334, 0.29238, 0, 0.192693, 0, 0, 1, 1, 1, 0, 0, 0, 1, 1, 0, 0, 0, 1, 0, 0, 0, 0
38,  3.08333,  0.974141,  1, 0.115756, 0, 0, 0, 0.347822, 0.129205, 0.0322115, 0, 0.0026402, 0.654696, 0, 0.0382662, 0, 0.00110334, 0.386344, 0.141901, 0.106015, 0, 0, 1, 1, 1, 1, 0, 0, 1, 1, 0, 0, 0, 1, 0, 0, 0, 0
39,  3.16667,  0.975184,  1, 0.204467, 0, 0, 0, 0.335982, 0, 0.0322115, 0, 0, 0.584082, 0, 0.145207, 0, 0.0123564, 0.381467, 0.169131, 0.0625499, 0, 0, 1, 1, 1, 1, 0, 0, 0, 1, 0, 0, 0, 1, 0, 0, 0, 0
40,  3.25,  0.975011,  1, 0.267469, 0, 0, 0, 0.329739, 0, 0.0322115, 0, 0, 0.557304, 0, 0.245188, 0, 0.0123564, 0.498949, 0.39023, 0.0812334, 0, 0, 1, 1, 1, 1, 0, 0, 0, 1, 0, 0, 0, 1, 0, 0, 0, 0
41,  3.33333,  0.969412,  1, 0.305891, 0, 0, 0, 0.393239, 0, 0.0867994, 0, 0, 0.507955, 0, 0.215023, 0, 0.0123564, 0.679322, 0.574727, 0.0915652, 0, 0, 1, 1, 1, 0, 0, 0, 0, 1, 0, 0, 0, 1, 1, 0, 0, 0
42,  3.41667,  0.967782,  1, 0.213782, 0, 0, 0, 0.372694, 0, 0.119912, 0, 0, 0.530052, 0, 0.108083, 0, 0, 0.945424, 0.817204, 0.0707589, 0, 0, 1, 1, 1, 0, 0, 0, 0, 1, 0, 0, 0, 1, 1, 0, 0, 0
43,  3.5,  0.961891,  1, 0.151127, 0, 0, 0, 0.292705, 0, 0.157253, 0, 0, 0.616376, 0, 0, 0, 0, 1.02329, 0.914974, 0.0433411, 0, 0, 1, 1, 1, 0, 0, 0, 1, 1, 0, 0, 0, 1, 1, 0, 0, 0
44,  3.58333,  0.959263,  1, 0.0888464, 0, 0, 0, 0.221159, 0, 0.0894581, 0, 0.0252338, 0.587299, 0, 0.0153523, 0, 0, 1.17535, 0.987389, 0.0305391, 0, 0, 1, 1, 1, 0, 0, 0, 1, 1, 0, 0, 0, 1, 1, 0, 0, 0
45,  3.66667,  0.964546,  1, 0.0669763, 0, 0, 0, 0.236553, 0, 0.0563452, 0, 0.0252338, 0.744855, 0, 0.210015, 0, 0.124035, 0.8653, 0.790278, 0.017374, 0, 0, 0, 1, 1, 0, 0, 0, 1, 1, 0, 0, 0, 1, 1, 0, 0, 0
46,  3.75,  0.971915,  1, 0.0629865, 0, 0, 0, 0.236906, 0, 0.0190045, 0, 0.0252338, 0.990929, 0, 0.405937, 0, 0.282892, 0.50299, 0.471409, 0, 0, 0, 0, 1, 1, 0, 0, 0, 1, 1, 0, 1, 0, 1, 0, 0, 0, 0
47,  3.83333,  0.97306,  1, 0.10355, 0, 0, 0, 0.264814, 0, 0.0118562, 0, 0, 1.14513, 0, 0.515014, 0, 0.355408, 0.025588, 0.0725966, 0, 0, 0, 0, 1, 1, 0, 0, 0, 1, 1, 0, 1, 0, 1, 0, 0, 0, 0
48,  3.91667,  0.973885,  1, 0.182443, 0, 0, 0, 0.287049, 0.152363, 0.031574, 0, 0, 1.18674, 0, 0.468575, 0, 0.241996, 0, 0, 0.674366, 0, 0, 0, 1, 1, 0, 0, 0, 1, 1, 0, 1, 0, 1, 0, 0, 0, 0
49,  4,  0.96485,  1, 0.158105, 0, 0.0152955, 0, 0.388429, 0.274686, 0.0859633, 0, 0, 1.20616, 0, 0.378485, 0, 0.0936513, 0, 0, 1.18614, 0, 0, 1, 0, 1, 0, 0, 0, 0, 1, 0, 1, 0, 1, 0, 0, 1, 0
50,  4.08333,  0.963818,  1, 0.145746, 0, 0.0152955, 0, 0.3743, 0.280084, 0.0772146, 0, 0, 1.3135, 0, 0.391886, 0, 0.0852344, 0, 0, 1.39585, 0, 0, 1, 0, 1, 0, 0, 0, 0, 1, 0, 1, 0, 1, 0, 0, 1, 0
51,  4.16667,  0.970613,  1, 0.0615321, 0, 0.0152955, 0, 0.398549, 0.127721, 0.0681059, 0, 0, 1.22848, 0, 0.375147, 0, 0.133021, 0, 0, 0.882327, 0, 0, 1, 0, 1, 0, 0, 0, 0, 1, 0, 1, 0, 1, 0, 0, 1, 0
52,  4.25,  0.971347,  1, 0.169309, 0, 0, 0, 0.340642, 0.0053973, 0.0137165, 0, 0, 1.05773, 0, 0.465428, 0, 0.182823, 0, 0, 0.450218, 0, 0, 1, 0, 1, 0, 0, 0, 0, 1, 0, 1, 0, 1, 0, 0, 0, 0
53,  4.33333,  0.972162,  1, 0.247065, 0, 0, 0, 0.307633, 0, 0.010609, 0, 0, 0.965085, 0.0535378, 0.428993, 0, 0.145127, 0, 0, 0.327051, 0, 0, 1, 0, 1, 0, 0, 0, 0, 1, 0, 1, 0, 1, 0, 0, 1, 0
54,  4.41667,  0.974571,  1, 0.265787, 0, 0, 0, 0.280516, 0, 0.0318971, 0, 0, 0.862402, 0.0535378, 0.362597, 0, 0.103998, 0, 0, 0.200408, 0, 0, 1, 1, 1, 0, 0, 0, 0, 1, 1, 1, 0, 1, 0, 0, 1, 0
55,  4.5,  0.972166,  1, 0.170481, 0, 0, 0, 0.277874, 0, 0.0318971, 0, 0, 0.886005, 0.0535378, 0.363673, 0, 0.0742727, 0, 0, 0.169053, 0, 0, 1, 1, 1, 0, 0, 0, 0, 1, 1, 1, 0, 1, 0, 0, 1, 0
56,  4.58333,  0.972148,  1, 0.0598745, 0, 0, 0, 0.314958, 0, 0.0318971, 0, 0, 0.768778, 0, 0.379927, 0, 0.127562, 0, 0, 0.163858, 0, 0, 1, 1, 1, 0, 0, 0, 0, 1, 1, 1, 0, 1, 0, 0, 1, 0
57,  4.66667,  0.969833,  1, 0.0411526, 0, 0, 0, 0.235049, 0, 0, 0, 0, 0.866268, 0.00107498, 0.471947, 0, 0.173049, 0, 0, 0.162202, 0, 0, 1, 1, 1, 0, 0, 0, 0, 1, 1, 1, 0, 1, 0, 0, 1, 0
58,  4.75,  0.971866,  1, 0.034587, 0, 0, 0, 0.246832, 0, 0.0497614, 0, 0, 0.907281, 0.00107498, 0.332597, 0, 0.194329, 0.107958, 0.0875598, 0.136302, 0, 0, 1, 1, 1, 0, 0, 0, 0, 1, 1, 1, 0, 1, 0, 0, 0, 0
59,  4.83333,  0.971664,  1, 0.0740383, 0, 0, 0, 0.179355, 0, 0.0497614, 0, 0, 0.98335, 0.0154995, 0.303034, 0, 0.143669, 0.107958, 0.0875598, 0.0814419, 0, 0, 1, 1, 1, 0, 0, 0, 0, 1, 1, 1, 0, 1, 0, 0, 0, 0
60,  4.91667,  0.97165,  1, 0.0740383, 0, 0, 0, 0.20209, 0, 0.123536, 0, 0, 1.02072, 0.0568716, 0.175143, 0, 0.13651, 0.107958, 0.0875598, 0.0617591, 0, 0, 1, 1, 1, 0, 0, 0, 0, 1, 1, 1, 0, 1, 0, 0, 0, 0
61,  5,  0.972437,  1, 0.0394514, 0, 0, 0, 0.247078, 0, 0.103629, 0, 0, 1.02023, 0.0568716, 0.296997, 0, 0.114188, 0, 0.0845468, 0.0403477, 0, 0, 1, 1, 1, 0, 0, 0, 0, 1, 1, 1, 0, 1, 0, 0, 0, 0
62,  5.08333,  0.968062,  1, 0, 0, 0, 0, 0.381404, 0.0782902, 0.103629, 0, 0, 1.03337, 0.0429597, 0.29345, 0, 0.101586, 0, 0.0845468, 0.0138648, 0, 0, 1, 1, 1, 0, 0, 0, 0, 1, 1, 1, 0, 1, 0, 0, 0, 0
63,  5.16667,  0.968432,  1, 0, 0, 0, 0, 0.480859, 0.15094, 0.0630972, 0, 0, 0.951609, 0.0228485, 0.348379, 0, 0.0603218, 0.00345391, 0.166288, 0.0227897, 0, 0, 1, 1, 1, 0, 0, 0, 0, 1, 0, 1, 0, 1, 0, 0, 0, 0
64,  5.25,  0.969899,  1, 0, 0, 0, 0, 0.431545, 0.15094, 0.0332428, 0, 0, 0.807009, 0.0228485, 0.195084, 0, 0.0601537, 0.00516937, 0.081741, 0.0311117, 0, 0, 1, 1, 1, 0, 0, 0, 0, 1, 0, 1, 0, 1, 0, 0, 0, 0
65,  5.33333,  0.970103,  1, 0, 0, 0, 0, 0.358599, 0.272707, 0.0362172, 0, 0, 0.731589, 0.0223359, 0.110543, 0, 0.0437248, 0.0825068, 0.081741, 0.391406, 0, 0, 1, 1, 1, 0, 0, 0, 0, 1, 0, 1, 0, 1, 0, 0, 0, 0
66,  5.41667,  0.967744,  1, 0, 0, 0, 0, 0.219045, 0.478782, 0.00297438, 0, 0, 0.668092, 0, 0.0263963, 0, 0.029379, 0.16653, 0, 0.908468, 0, 0, 1, 0, 0, 0, 0, 0, 0, 1, 0, 0, 0, 1, 0, 0, 0, 1
67,  5.5,  0.968855,  1, 0, 0, 0, 0, 0.118218, 0.964308, 0.00297438, 0, 0, 0.807592, 0, 0, 0, 0, 0.288545, 0, 1.48397, 0, 0, 1, 0, 0, 0, 0, 0, 0, 1, 0, 0, 0, 1, 0, 0, 0, 1
68,  5.58333,  0.972069,  1, 0, 0, 0, 0, 0.0274842, 1.11326, 0, 0, 0.0161534, 0.766867, 0.0433458, 0, 0.10707, 0, 0.238302, 0, 1.74402, 0, 0, 1, 0, 0, 0, 0, 0, 0, 1, 0, 0, 0, 1, 0, 0, 0, 1
69,  5.66667,  0.97668,  1, 0, 0, 0.0502724, 0, 0.00863537, 1.25125, 0.0119957, 0, 0.0176521, 0.665109, 0.0698121, 0, 0.133393, 0, 0.18367, 0, 1.84556, 0, 0, 1, 0, 0, 0, 0, 0, 0, 1, 0, 0, 0, 1, 0, 0, 0, 1
70,  5.75,  0.974848,  1, 0, 0, 0.0623491, 0, 0.00863537, 0.942104, 0.0173101, 0, 0.0741285, 0.551544, 0.0698121, 0, 0.133393, 0, 0.0599393, 0, 1.94805, 0, 0, 1, 0, 0, 0, 0, 0, 0, 1, 0, 0, 0, 1, 0, 0, 0, 1
71,  5.83333,  0.973423,  1, 0, 0, 0.304793, 0.12613, 0, 0.791962, 0.0173101, 0, 0.126909, 0.650484, 0.0264663, 0, 0.0263229, 0, 0.032845, 0, 2.11858, 0, 0, 1, 0, 0, 0, 0, 0, 0, 1, 0, 0, 0, 1, 0, 0, 0, 1
72,  5.91667,  0.968648,  1, 0, 0, 0.350229, 0.12613, 0, 0.404001, 0.0486985, 0, 0.187688, 0.864417, 0, 0, 0, 0, 0, 0, 2.26009, 0, 0, 1, 0, 0, 0, 0, 0, 0, 1, 0, 0, 0, 1, 0, 0, 0, 1
73,  6,  0.962184,  1, 0, 0, 0.409184, 0.231298, 0, 0.281521, 0.043384, 0, 0.199805, 0.842483, 0, 0, 0, 0, 0, 0, 2.33157, 0, 0, 1, 1, 0, 0, 0, 0, 0, 1, 0, 0, 0, 1, 0, 0, 0, 1
74,  6.08333,  0.965734,  1, 0, 0, 0.234743, 0.134714, 0, 0.0826535, 0.043384, 0, 0.181516, 0.827189, 0, 0, 0, 0, 0, 0, 2.30648, 0, 0, 1, 1, 0, 0, 0, 0, 0, 1, 0, 0, 0, 1, 0, 0, 0, 1
75,  6.16667,  0.964707,  1, 0, 0, 0.325809, 0.191173, 0, 0.0538973, 0.00570211, 0, 0.242102, 0.655961, 0, 0, 0, 0, 0, 0, 2.2488, 0, 0, 1, 1, 0, 0, 0, 0, 0, 1, 0, 0, 0, 1, 0, 0, 0, 1
76,  6.25,  0.964652,  1, 0, 0, 0.380985, 0.0860053, 0, 0, 0.0215531, 0, 0.274358, 0.737796, 0.0167181, 0, 0, 0, 0, 0, 2.26545, 0, 0, 1, 1, 0, 0, 0, 0, 0, 1, 0, 0, 0, 1, 0, 0, 0, 1
77,  6.33333,  0.96337,  1, 0, 0, 0.488304, 0.103778, 0, 0.0311011, 0.0215531, 0, 0.292234, 0.789673, 0.0167181, 0, 0, 0, 0, 0, 2.27205, 0, 0, 1, 1, 0, 0, 0, 0, 0, 1, 0, 0, 0, 1, 0, 0, 0, 1
78,  6.41667,  0.964729,  1, 0, 0, 0.56046, 0.216796, 0, 0.0311011, 0.0159334, 0, 0.245121, 1.01587, 0.0167181, 0, 0, 0, 0, 0, 2.30933, 0, 0, 1, 1, 0, 0, 0, 0, 0, 1, 0, 0, 0, 1, 0, 0, 0, 1
79,  6.5,  0.962923,  1, 0, 0, 0.585457, 0.216796, 0, 0.0384909, 0.0094113, 0, 0.258498, 1.01014, 0, 0, 0, 0, 0, 0, 2.33987, 0, 0, 1, 1, 0, 0, 0, 0, 0, 1, 0, 0, 0, 1, 0, 0, 0, 1
80,  6.58333,  0.96636,  1, 0, 0, 0.643507, 0.25177, 0, 0.00738977, 0.0094113, 0, 0.303305, 1.10692, 0, 0.0174038, 0, 0, 0, 0, 2.31344, 0, 0, 1, 1, 0, 0, 0, 0, 0, 1, 0, 0, 0, 1, 0, 0, 0, 1
81,  6.66667,  0.964451,  1, 0, 0, 0.538758, 0.082292, 0, 0.00738977, 0.00932888, 0, 0.351188, 1.02916, 0, 0.0174038, 0, 0, 0, 0, 2.3125, 0, 0, 1, 1, 0, 0, 0, 0, 0, 1, 0, 0, 0, 1, 0, 0, 0, 1
82,  6.75,  0.950741,  1, 0, 0, 0.671951, 0.151511, 0, 0, 0, 0, 0.33219, 0.99791, 0, 0.0174038, 0, 0, 0, 0, 2.29383, 0, 0, 1, 1, 0, 0, 0, 0, 0, 1, 0, 0, 0, 1, 0, 0, 0, 1
83,  6.83333,  0.956426,  1, 0, 0, 0.673917, 0.152231, 0, 0, 0, 0, 0.337819, 1.03817, 0, 5.48431e-05, 0, 0, 0, 0, 2.34928, 0, 0, 1, 1, 0, 0, 0, 0, 0, 1, 0, 0, 0, 1, 0, 0, 0, 1
84,  6.91667,  0.956707,  1, 0, 0, 0.587593, 0.152231, 0, 0, 0, 0, 0.298209, 1.10558, 0, 5.48431e-05, 0, 0, 0, 0, 2.34152, 0, 0, 1, 1, 0, 0, 0, 0, 0, 1, 0, 0, 0, 1, 0, 0, 0, 1
85,  7,  0.964114,  1, 0, 0, 0.32324, 0.0830121, 0, 0, 0, 0, 0.274166, 1.25395, 0, 5.48431e-05, 0, 0, 0, 0, 2.30136, 0, 0, 1, 0, 0, 0, 0, 0, 0, 1, 0, 0, 0, 1, 0, 0, 0, 1
86,  7.08333,  0.952117,  1, 0, 0, 0.288338, 0.0269122, 0, 0, 0.00304014, 0, 0.279179, 1.22694, 0, 0, 0, 0, 0, 0, 2.24799, 0, 0, 1, 0, 0, 0, 0, 0, 0, 1, 0, 0, 0, 1, 0, 0, 0, 1
87,  7.16667,  0.958492,  1, 0, 0, 0.385634, 0.0269122, 0, 0, 0.00304014, 0, 0.311978, 1.26073, 0.00221367, 0, 0, 0, 0, 0, 2.29623, 0, 0, 1, 0, 0, 0, 0, 0, 0, 1, 0, 0, 0, 1, 0, 0, 0, 1
88,  7.25,  0.954722,  1, 0, 0, 0.598579, 0.0602938, 0, 0, 0.00304014, 0, 0.302707, 1.11497, 0.00221367, 0, 0, 0, 0, 0, 2.37918, 0, 0, 1, 0, 0, 0, 0, 0, 0, 1, 0, 0, 0, 1, 0, 0, 0, 1
89,  7.33333,  0.963015,  1, 0, 0, 0.654616, 0.0333817, 0, 0, 0, 0, 0.216487, 1.01557, 0.00221367, 0, 0, 0, 0, 0, 2.44958, 0, 0, 1, 0, 0, 0, 0, 0, 0, 1, 0, 0, 0, 1, 0, 0, 0, 1
90,  7.41667,  0.963767,  1, 0.00562988, 0, 0.79406, 0.0333817, 0, 0, 0, 0, 0.156262, 0.845913, 0, 0, 0, 0, 0, 0, 2.485, 0, 0, 1, 0, 0, 0, 0, 0, 0, 1, 0, 0, 0, 1, 0, 0, 0, 1
91,  7.5,  0.962855,  1, 0.00562988, 0, 0.807588, 0, 0, 0, 0, 0, 0.126656, 0.755325, 0, 0, 0, 0.0764956, 0, 0, 2.4377, 0, 0, 1, 0, 0, 0, 0, 0, 0, 1, 0, 0, 0, 1, 0, 0, 0, 1
92,  7.58333,  0.953975,  1, 0.00562988, 0, 0.72019, 0, 0, 0, 0, 0, 0.0889045, 0.572055, 0, 0, 0, 0.0764956, 0, 0, 2.46219, 0, 0, 1, 0, 0, 0, 0, 0, 0, 1, 0, 0, 0, 1, 0, 0, 0, 1
93,  7.66667,  0.966949,  1, 0, 0, 0.415591, 0, 0.0533119, 0, 0, 0, 0.032307, 0.403746, 0, 0, 0, 0.0764956, 0, 0, 1.9918, 0, 0, 1, 0, 0, 0, 0, 0, 0, 1, 0, 0, 0, 1, 0, 0, 0, 1
94,  7.75,  0.968119,  1, 0, 0, 0.169075, 0, 0.0533119, 0, 0, 0, 0, 0.217645, 0, 0, 0, 0.00455003, 0.0766615, 0, 1.39052, 0, 0, 1, 1, 0, 0, 0, 0, 0, 1, 0, 0, 0, 1, 0, 0, 0, 1
95,  7.83333,  0.963003,  1, 0, 0, 0, 0, 0.0533119, 0, 0, 0, 0, 0.155042, 0, 0, 0, 0.0177196, 0.0876247, 0, 0.61902, 0, 0, 1, 1, 0, 0, 0, 0, 0, 1, 0, 0, 0, 1, 0, 0, 0, 1
96,  7.91667,  0.964705,  1, 0, 0, 0, 0, 0, 0, 0, 0, 0, 0.0902615, 0, 0, 0, 0.0690797, 0.0876247, 0, 0.288801, 0, 0, 0, 1, 0, 0, 0, 0, 0, 1, 0, 0, 0, 1, 0, 0, 0, 0
97,  8,  0.96395,  1, 0.0379814, 0, 0, 0, 0, 0, 0, 0, 0, 0.0902615, 0, 0, 0, 0.120999, 0.0109632, 0, 0.133973, 0, 0, 0, 1, 0, 0, 0, 0, 0, 1, 0, 0, 0, 1, 0, 0, 0, 0
98,  8.08333,  0.967895,  1, 0.0379814, 0, 0, 0, 0, 0, 0, 0, 0, 0.116773, 0, 0.0428931, 0, 0.116499, 0, 0.0179353, 0.0728977, 0, 0, 0, 1, 0, 0, 0, 0, 0, 1, 0, 0, 0, 1, 0, 0, 0, 0
99,  8.16667,  0.970414,  1, 0.143783, 0, 0, 0, 0, 0, 0, 0, 0, 0.173837, 0, 0.0552428, 0, 0.127941, 0, 0.0179353, 0.0370256, 0, 0, 0, 1, 0, 0, 0, 0, 0, 1, 0, 0, 0, 1, 0, 0, 0, 0
100,  8.25,  0.970853,  1, 0.140906, 0, 0, 0, 0, 0, 0, 0, 0, 0.199653, 0, 0.0626759, 0, 0.112245, 0, 0.0179353, 0.0330905, 0, 0, 0, 1, 0, 0, 0, 0, 0, 1, 0, 0, 0, 1, 0, 0, 0, 0
101,  8.33333,  0.970218,  1, 0.327073, 0, 0, 0.436191, 0.222307, 0, 0.220598, 0, 0, 0.0921143, 0.405205, 0.551149, 0.134029, 0.212011, 0.22639, 0, 0.0227458, 0, 0, 0, 1, 0, 0, 0, 0, 0, 1, 0, 0, 0, 1, 0, 0, 0, 0
102,  8.41667,  0.83262,  1, 0.307251, 0, 0, 0.894607, 0.222307, 0, 0.48633, 0, 0, 0.0258168, 0.752564, 1.05737, 0.259383, 0.402605, 0.339631, 0, 0.0227458, 0, 1, 0, 1, 0, 0, 0, 0, 0, 0, 0, 1, 0, 1, 0, 0, 0, 0
103,  8.5,  0.870492,  1, 0.507109, 0, 0, 1.18373, 0.222307, 0, 0.603369, 0, 0, 0, 1.09301, 1.34386, 0.486231, 0.560137, 0.403019, 0, 0, 0, 1, 0, 1, 0, 0, 0, 0, 0, 0, 0, 1, 0, 1, 0, 0, 0, 0
104,  8.58333,  0.87663,  1, 0.557916, 0.0988787, 0, 1.07955, 0, 0, 0.490121, 0, 0, 0, 1.08943, 1.25292, 0.612884, 0.588611, 0.281885, 0, 0, 0, 1, 0, 1, 0, 0, 0, 0, 0, 0, 0, 1, 0, 1, 0, 0, 0, 0
105,  8.66667,  0.898212,  1, 0.798977, 0.265942, 0, 0.697338, 0.0722711, 0, 0.286377, 0, 0, 0, 1.2586, 1.18751, 0.681527, 0.335214, 0.24506, 0, 0, 0, 1, 0, 1, 0, 0, 0, 0, 0, 0, 0, 1, 0, 1, 0, 0, 0, 0
106,  8.75,  0.853442,  1, 0.903352, 0.590658, 0, 0.556878, 0.246963, 0, 0.206155, 0, 0, 0, 1.3518, 1.21388, 0.665765, 0.136908, 0.300215, 0, 0, 0, 1, 0, 1, 0, 0, 0, 0, 0, 0, 0, 1, 0, 1, 0, 0, 0, 0
107,  8.83333,  0.842069,  1, 0.951482, 0.633488, 0, 0.260027, 0.351613, 0, 0.143819, 0, 0, 0, 1.25941, 0.939408, 0.736525, 0, 0.292678, 0, 0, 0, 1, 0, 1, 0, 0, 0, 0, 0, 0, 0, 1, 0, 1, 0, 0, 0, 0
108,  8.91667,  0.811298,  1, 0.879569, 0.623348, 0, 0.183824, 0.338149, 0, 0.0818308, 0, 0, 0, 1.01726, 0.741646, 0.668118, 0, 0.324453, 0.0620628, 0, 0, 1, 0, 1, 0, 0, 0, 0, 0, 0, 0, 0, 0, 1, 0, 0, 0, 0
109,  9,  0.843378,  1, 0.825353, 0.443785, 0, 0.0351651, 0.164083, 0, 0.0480729, 0, 0, 0, 0.917306, 0.589291, 0.682155, 0, 0.301007, 0.118229, 0, 0, 1, 0, 1, 0, 0, 0, 0, 0, 0, 0, 0, 0, 1, 0, 0, 0, 0
110,  9.08333,  0.850186,  1, 0.777117, 0.50869, 0, 0.0436994, 0.154503, 0, 0.0649928, 0, 0, 0, 0.94964, 0.656507, 0.482373, 0, 0.203287, 0.129639, 0, 0, 1, 0, 1, 0, 0, 0, 0, 0, 0, 0, 0, 0, 1, 0, 0, 0, 0
111,  9.16667,  0.819408,  1, 0.735153, 0.404804, 0, 0.0436994, 0.176229, 0, 0.0649928, 0, 0, 0, 1.09331, 0.795829, 0.528178, 0, 0.0950957, 0.238437, 0, 0, 1, 0, 1, 0, 0, 0, 0, 0, 0, 0, 0, 0, 1, 0, 0, 0, 0
112,  9.25,  0.828925,  1, 0.669148, 0.291024, 0, 0.0436994, 0.231855, 0, 0.0619335, 0, 0, 0, 1.22878, 0.831177, 0.4624, 0, 0.0707683, 0.322333, 0, 0, 1, 0, 1, 0, 0, 0, 0, 0, 0, 0, 0, 0, 1, 0, 0, 0, 0
113,  9.33333,  0.851819,  1, 0.543831, 0.105977, 0, 0.0793364, 0.221403, 0, 0.0379409, 0, 0, 0, 1.28613, 0.868536, 0.54262, 0, 0.186319, 0.473109, 0, 0, 1, 0, 1, 0, 0, 0, 0, 0, 0, 0, 0, 0, 1, 0, 0, 0, 0
114,  9.41667,  0.884581,  1, 0.635938, 0.164342, 0, 0.158378, 0.249864, 0, 0.0728219, 0, 0, 0, 1.15659, 0.921438, 0.504027, 0, 0.186319, 0.421839, 0, 0, 1, 0, 1, 0, 0, 0, 0, 0, 0, 0, 0, 0, 1, 0, 0, 0, 0
115,  9.5,  0.847986,  1, 0.727382, 0.222031, 0, 0.158378, 0.273898, 0, 0.0728219, 0, 0, 0, 1.14301, 0.87211, 0.590562, 0, 0.133562, 0.454392, 0, 0, 1, 0, 1, 0, 0, 0, 0, 0, 0, 0, 0, 0, 1, 0, 0, 0, 0
116,  9.58333,  0.846728,  1, 0.932328, 0.284123, 0, 0.180474, 0.345371, 0, 0.123976, 0, 0, 0, 1.19281, 0.980352, 0.667269, 0, 0.0635314, 0.477545, 0, 0, 1, 0, 1, 0, 0, 0, 0, 0, 0, 0, 0, 0, 1, 0, 0, 0, 0
117,  9.66667,  0.861167,  1, 0.775548, 0.172721, 0, 0.15762, 0.360899, 0, 0.145461, 0, 0, 0, 1.27956, 0.844861, 0.893451, 0, 0.0645034, 0.511862, 0, 0, 1, 0, 1, 0, 0, 0, 0, 0, 0, 0, 0, 0, 1, 0, 0, 0, 0
118,  9.75,  0.872685,  1, 0.790261, 0.262555, 0, 0.192827, 0.400279, 0, 0.145461, 0, 0, 0, 1.25628, 1.06933, 0.882957, 0, 0.0464918, 0.411662, 0, 0, 1, 0, 1, 0, 0, 0, 0, 0, 0, 0, 0, 0, 1, 0, 0, 0, 0
119,  9.83333,  0.86889,  1, 0.694016, 0.216688, 0, 0.105274, 0.427468, 0, 0.157367, 0, 0, 0, 1.16866, 1.04995, 0.794584, 0, 0.0542455, 0.419971, 0, 0, 1, 0, 1, 0, 0, 0, 0, 0, 0, 0, 0, 0, 1, 0, 0, 0, 0
120,  9.91667,  0.865035,  1, 0.692565, 0.216688, 0, 0.0984793, 0.371062, 0, 0.120518, 0, 0, 0, 1.12879, 1.11902, 0.616426, 0, 0.0597333, 0.334788, 0, 0, 1, 0, 1, 0, 0, 0, 0, 0, 0, 0, 0, 0, 1, 0, 0, 0, 0
121,  10,  0.857893,  1, 0.583717, 0.0377916, 0, 0.0632714, 0.298848, 0, 0.120518, 0, 0, 0, 0.955162, 1.15393, 0.574041, 0, 0.0597333, 0.310185, 0, 0, 1, 0, 1, 0, 0, 0, 0, 0, 0, 0, 0, 0, 1, 0, 0, 0, 0
122,  10.0833,  0.877638,  1, 0.550247, 0, 0, 0.30458, 0.244443, 0, 0.0195171, 0, 0, 0, 0.9716, 0.867583, 0.634085, 0, 0.176804, 0.168848, 0, 0, 1, 0, 1, 0, 0, 0, 0, 0, 0, 0, 0, 0, 1, 0, 0, 0, 0
123,  10.1667,  0.836089,  1, 0.6635, 0.131029, 0, 0.35027, 0.284014, 0, 0.0567694, 0, 0, 0, 0.9788, 0.70525, 0.767634, 0, 0.22066, 0.159158, 0, 0, 1, 0, 1, 0, 0, 0, 0, 0, 0, 0, 0, 0, 1, 0, 0, 0, 0
124,  10.25,  0.827284,  1, 0.593691, 0.131029, 0, 0.484672, 0.337974, 0, 0.106238, 0, 0, 0, 1.09039, 0.716891, 0.88538, 0, 0.260099, 0.279563, 0, 0, 1, 0, 1, 0, 0, 0, 0, 0, 0, 0, 0, 0, 1, 0, 0, 0, 0
125,  10.3333,  0.876181,  1, 0.682052, 0.223142, 0, 0.3815, 0.264351, 0, 0.106238, 0, 0, 0, 1.06702, 0.960502, 0.916441, 0, 0.224293, 0.31407, 0, 0, 1, 0, 1, 0, 0, 0, 0, 0, 0, 0, 0, 0, 1, 0, 0, 0, 0
126,  10.4167,  0.85292,  1, 0.691137, 0.144797, 0, 0.301009, 0.286159, 0, 0.0494689, 0, 0, 0, 1.1618, 1.26618, 0.899248, 0, 0.300661, 0.490406, 0, 0, 1, 0, 1, 0, 0, 0, 0, 0, 0, 0, 0, 0, 1, 0, 0, 0, 0
127,  10.5,  0.852615,  1, 0.753842, 0.162988, 0, 0.259536, 0.256396, 0, 0, 0, 0, 0, 1.21093, 1.1104, 0.893989, 0, 0.323981, 0.467806, 0, 0, 1, 0, 1, 0, 0, 0, 0, 0, 0, 0, 0, 0, 1, 0, 0, 0, 0
128,  10.5833,  0.845923,  1, 0.738331, 0.0708757, 0, 0.219636, 0.30673, 0, 0.0537796, 0, 0, 0, 1.18552, 1.04929, 0.983498, 0, 0.233599, 0.574632, 0, 0, 1, 0, 1, 0, 0, 0, 0, 0, 0, 0, 0, 0, 1, 0, 0, 0, 0
129,  10.6667,  0.871308,  1, 0.821678, 0.160997, 0, 0.261178, 0.279695, 0, 0.11387, 0, 0, 0, 1.17008, 0.88604, 1.03056, 0, 0.145557, 0.547085, 0, 0, 1, 0, 1, 0, 0, 0, 0, 0, 0, 0, 0, 0, 1, 0, 0, 0, 0
130,  10.75,  0.863771,  1, 0.864731, 0.199157, 0, 0.198604, 0.339353, 0, 0.152688, 0, 0, 0, 1.0322, 0.851142, 1.04594, 0, 0.0950615, 0.664034, 0, 0, 1, 0, 1, 0, 0, 0, 0, 0, 0, 0, 0, 0, 1, 0, 0, 0, 0
131,  10.8333,  0.862393,  1, 0.786702, 0.199157, 0, 0.095335, 0.373271, 0, 0.181848, 0, 0, 0, 1.0416, 0.914371, 0.951949, 0, 0.114722, 0.707564, 0, 0, 1, 0, 1, 0, 0, 0, 0, 0, 0, 0, 0, 0, 1, 0, 0, 0, 0
132,  10.9167,  0.862952,  1, 0.708656, 0.179438, 0, 0.0392019, 0.323533, 0, 0.121757, 0, 0, 0, 0.928209, 0.948378, 0.753207, 0, 0.145161, 0.81463, 0, 0, 1, 0, 1, 0, 0, 0, 0, 0, 0, 0, 0, 0, 1, 0, 0, 0, 0
133,  11,  0.854387,  1, 0.681404, 0.198935, 0, 0.00884742, 0.26031, 0, 0.0829395, 0, 0, 0, 1.02002, 0.869282, 0.615719, 0, 0.186671, 0.854879, 0, 0, 1, 0, 1, 0, 0, 0, 0, 0, 0, 0, 0, 0, 1, 0, 0, 0, 0
134,  11.0833,  0.861361,  1, 0.777768, 0.403723, 0, 0.0673484, 0.169695, 0, 0.0665755, 0, 0, 0, 1.14886, 0.804905, 0.528317, 0, 0.122855, 0.722056, 0, 0, 1, 0, 1, 0, 0, 0, 0, 0, 0, 0, 0, 0, 1, 0, 0, 0, 0
135,  11.1667,  0.844922,  1, 0.752687, 0.475798, 0, 0.134887, 0.221991, 0, 0.155396, 0, 0, 0, 1.27838, 0.565405, 0.713122, 0, 0.0537742, 0.493836, 0, 0, 1, 0, 1, 0, 0, 0, 0, 0, 0, 0, 0, 0, 1, 0, 0, 0, 0
136,  11.25,  0.829833,  1, 0.696061, 0.581922, 0, 0.134887, 0.244623, 0, 0.189999, 0, 0, 0, 1.38202, 0.858321, 0.788942, 0, 0, 0.248657, 0, 0, 1, 0, 1, 0, 0, 0, 0, 0, 0, 0, 0, 0, 1, 0, 0, 0, 0
137,  11.3333,  0.852319,  1, 0.599233, 0.566622, 0, 0.164321, 0.302278, 0, 0.180453, 0, 0, 0, 1.36344, 0.813679, 0.96824, 0, 0.0608343, 0.292164, 0, 0, 1, 0, 1, 0, 0, 0, 0, 0, 0, 0, 0, 0, 1, 0, 0, 0, 0
138,  11.4167,  0.861399,  1, 0.58017, 0.425069, 0, 0.0967824, 0.342414, 0, 0.0996371, 0, 0, 0, 1.37417, 0.941076, 0.988802, 0, 0.0608343, 0.381106, 0, 0, 1, 0, 1, 0, 0, 0, 0, 0, 0, 0, 0, 0, 1, 0, 0, 0, 0
139,  11.5,  0.844063,  1, 0.67576, 0.425179, 0, 0.0967824, 0.371751, 0, 0.090792, 0, 0, 0, 1.30983, 0.778256, 0.923396, 0, 0.109577, 0.458792, 0, 0, 1, 0, 1, 0, 0, 0, 0, 0, 0, 0, 0, 0, 1, 0, 0, 0, 0
140,  11.5833,  0.815958,  1, 0.562477, 0.235691, 0, 0, 0.394869, 0, 0.0337629, 0, 0, 0, 1.26662, 0.891064, 0.782583, 0, 0.136141, 0.315981, 0.052391, 0, 1, 0, 1, 0, 0, 0, 0, 0, 0, 0, 0, 0, 1, 0, 0, 0, 0
141,  11.6667,  0.807361,  1, 0.487163, 0.182084, 0, 0, 0.398373, 0, 0.0535776, 0, 0, 0, 1.19528, 0.795612, 0.71408, 0, 0.300127, 0.403529, 0.090771, 0, 1, 0, 1, 0, 0, 0, 0, 0, 0, 0, 0, 0, 1, 0, 0, 0, 0
142,  11.75,  0.794225,  1, 0.301827, 0, 0, 0, 0.412062, 0, 0.0278199, 0, 0, 0, 1.21651, 0.761706, 0.767668, 0, 0.422469, 0.53378, 0.090771, 0, 1, 0, 1, 0, 0, 0, 0, 0, 0, 0, 0, 0, 1, 0, 0, 0, 0
143,  11.8333,  0.818115,  1, 0.374968, 0, 0, 0, 0.403912, 0, 0.031914, 0, 0, 0, 1.19745, 0.499326, 0.80545, 0, 0.335072, 0.742034, 0.03838, 0, 1, 0, 1, 0, 0, 0, 0, 0, 0, 0, 0, 0, 1, 0, 0, 0, 0
144,  11.9167,  0.795286,  1, 0.34033, 0, 0, 0, 0.310199, 0, 0.00409408, 0, 0, 0, 1.23582, 0.393932, 0.793094, 0, 0.176099, 0.590885, 0, 0, 1, 0, 1, 0, 0, 0, 0, 0, 0, 0, 0, 0, 1, 0, 0, 0, 0
145,  12,  0.788894,  1, 0.342728, 0, 0, 0, 0.245179, 0, 0.0447339, 0, 0, 0, 1.19579, 0.386896, 0.762421, 0, 0.0882464, 0.493006, 0, 0, 1, 0, 1, 0, 0, 0, 0, 0, 0, 0, 0, 0, 1, 0, 0, 0, 0
146,  12.0833,  0.792856,  1, 0.431411, 0.112782, 0, 0, 0.179327, 0, 0.0990232, 0, 0, 0, 1.29029, 0.670366, 0.742625, 0, 0.15064, 0.448588, 0, 0, 1, 0, 1, 0, 0, 0, 0, 0, 0, 0, 0, 0, 1, 0, 0, 0, 0
147,  12.1667,  0.819259,  1, 0.513902, 0.157743, 0, 0, 0.137886, 0, 0.13586, 0, 0, 0, 1.25402, 0.719911, 0.662352, 0, 0.262794, 0.433121, 0, 0, 1, 0, 1, 0, 0, 0, 0, 0, 0, 0, 0, 0, 1, 0, 0, 0, 0
148,  12.25,  0.81056,  1, 0.644707, 0.202492, 0, 0, 0.143525, 0, 0.09522, 0, 0, 0, 1.27257, 0.865059, 0.76069, 0, 0.179561, 0.403129, 0, 0, 1, 0, 1, 0, 0, 0, 0, 0, 0, 0, 0, 0, 1, 0, 0, 0, 0
149,  12.3333,  0.82997,  1, 0.577148, 0.200026, 0, 0, 0.124832, 0, 0.122637, 0, 0, 0, 1.44767, 0.758705, 0.764864, 0, 0.150466, 0.384539, 0, 0, 1, 0, 1, 0, 0, 0, 0, 0, 0, 0, 0, 0, 1, 0, 0, 0, 0
150,  12.4167,  0.824841,  1, 0.634725, 0.32098, 0, 0, 0.196239, 0, 0.162451, 0, 0, 0, 1.58675, 0.964404, 0.778594, 0, 0.0459717, 0.287997, 0, 0, 1, 0, 1, 0, 0, 0, 0, 0, 0, 0, 0, 0, 1, 0, 0, 0, 0
151,  12.5,  0.83399,  1, 0.578822, 0.276231, 0, 0.0719026, 0.183003, 0, 0.229447, 0, 0, 0, 1.78383, 0.874287, 0.733312, 0, 0.0459717, 0.221462, 0, 0, 1, 0, 1, 0, 0, 0, 0, 0, 0, 0, 0, 0, 1, 0, 0, 0, 0
152,  12.5833,  0.821916,  1, 0.667499, 0.293402, 0, 0.0719026, 0.200661, 0, 0.16465, 0, 0, 0, 1.58929, 0.802836, 0.670188, 0, 0.0260033, 0.372499, 0, 0, 1, 0, 1, 0, 0, 0, 0, 0, 0, 0, 0, 0, 1, 0, 0, 0, 0
153,  12.6667,  0.828441,  1, 0.768855, 0.374997, 0, 0.0719026, 0.176812, 0, 0.137573, 0, 0, 0, 1.52826, 0.595386, 0.751487, 0, 0.0189724, 0.402891, 0, 0, 1, 0, 1, 0, 0, 0, 0, 0, 0, 0, 0, 0, 1, 0, 0, 0, 0
154,  12.75,  0.830786,  1, 0.80873, 0.454618, 0, 0, 0.191062, 0, 0.115026, 0, 0, 0, 1.37118, 0.651775, 0.634477, 0, 0.103827, 0.486253, 0, 0, 1, 0, 1, 0, 0, 0, 0, 0, 0, 0, 0, 0, 1, 0, 0, 0, 0
155,  12.8333,  0.841523,  1, 0.839632, 0.484105, 0, 0, 0.173948, 0, 0.144688, 0, 0, 0, 1.3237, 0.667909, 0.632951, 0, 0.175373, 0.46186, 0, 0, 1, 0, 1, 0, 0, 0, 0, 0, 0, 0, 0, 0, 1, 0, 0, 0, 0
156,  12.9167,  0.820216,  1, 0.646991, 0.363214, 0, 0, 0.195427, 0, 0.164766, 0, 0, 0, 1.21716, 0.749361, 0.484489, 0, 0.211376, 0.596262, 0, 0, 1, 0, 1, 0, 0, 0, 0, 0, 0, 0, 0, 0, 1, 0, 0, 0, 0
157,  13,  0.831621,  1, 0.622222, 0.417818, 0, 0, 0.167521, 0, 0.158474, 0, 0, 0, 1.02074, 0.551692, 0.404671, 0, 0.197559, 0.691229, 0, 0, 1, 0, 1, 0, 0, 0, 0, 0, 0, 0, 0, 0, 1, 0, 0, 0, 0
158,  13.0833,  0.846414,  1, 0.475515, 0.490316, 0, 0, 0.254729, 0, 0.229374, 0, 0, 0, 0.961314, 0.408917, 0.382151, 0, 0.179866, 0.605547, 0, 0, 1, 0, 1, 0, 0, 0, 0, 0, 0, 0, 0, 0, 1, 0, 0, 0, 0
159,  13.1667,  0.836289,  1, 0.452072, 0.39261, 0, 0, 0.203611, 0, 0.239838, 0, 0, 0, 1.03742, 0.356724, 0.419184, 0, 0.138221, 0.557908, 0, 0, 1, 0, 1, 0, 0, 0, 0, 0, 0, 0, 0, 0, 1, 0, 0, 0, 0
160,  13.25,  0.851658,  1, 0.490867, 0.390177, 0, 0, 0.223321, 0, 0.279008, 0, 0, 0, 1.16833, 0.328662, 0.547832, 0, 0.233421, 0.521451, 0, 0, 1, 0, 1, 0, 0, 0, 0, 0, 0, 0, 0, 0, 1, 0, 0, 0, 0
161,  13.3333,  0.848022,  1, 0.522691, 0.318708, 0, 0, 0.168546, 0, 0.269142, 0, 0, 0, 1.25869, 0.694085, 0.613385, 0, 0.183072, 0.337919, 0, 0, 1, 0, 1, 0, 0, 0, 0, 0, 0, 0, 0, 0, 1, 0, 0, 0, 0
162,  13.4167,  0.845795,  1, 0.530112, 0.460459, 0, 0, 0.206815, 0, 0.353896, 0, 0, 0, 1.26123, 0.636195, 0.685443, 0, 0.244815, 0.42886, 0, 0, 1, 0, 1, 0, 0, 0, 0, 0, 0, 0, 0, 0, 1, 0, 0, 0, 0
163,  13.5,  0.840673,  1, 0.46048, 0.522016, 0, 0, 0.264368, 0, 0.436929, 0, 0, 0, 1.17499, 0.747184, 0.747087, 0, 0.098375, 0.429193, 0, 0, 1, 0, 1, 0, 0, 0, 0, 0, 0, 0, 0, 0, 1, 0, 0, 0, 0
164,  13.5833,  0.842626,  1, 0.530523, 0.423858, 0, 0.00464222, 0.295732, 0, 0.39629, 0, 0, 0, 1.14093, 0.541289, 0.740167, 0, 0.125217, 0.77337, 0, 0, 1, 0, 1, 0, 0, 0, 0, 0, 0, 0, 0, 0, 1, 0, 0, 0, 0
165,  13.6667,  0.854339,  1, 0.577505, 0.380993, 0, 0.00464222, 0.309617, 0, 0.341236, 0, 0, 0, 1.08105, 0.580347, 0.742048, 0, 0.213808, 0.861686, 0, 0, 1, 0, 1, 0, 0, 0, 0, 0, 0, 0, 0, 0, 1, 0, 0, 0, 0
166,  13.75,  0.852835,  1, 0.624974, 0.281812, 0, 0.00464222, 0.266332, 0, 0.269085, 0, 0, 0, 1.1781, 0.519692, 0.742696, 0, 0.283337, 0.803747, 0, 0, 1, 0, 1, 0, 0, 0, 0, 0, 0, 0, 0, 0, 1, 0, 0, 0, 0
167,  13.8333,  0.830034,  1, 0.648859, 0.368517, 0, 0, 0.268574, 0, 0.253912, 0, 0, 0, 1.13379, 0.517064, 0.858992, 0, 0.357277, 0.451844, 0, 0, 1, 0, 1, 0, 0, 0, 0, 0, 0, 0, 0, 0, 1, 0, 0, 0, 0
168,  13.9167,  0.836675,  1, 0.646566, 0.278647, 0, 0, 0.269372, 0, 0.220304, 0, 0, 0, 1.17752, 0.483061, 0.749814, 0, 0.281861, 0.272028, 0, 0, 1, 0, 1, 0, 0, 0, 0, 0, 0, 0, 0, 0, 1, 0, 0, 0, 0
169,  14,  0.811411,  1, 0.598579, 0.184479, 0, 0, 0.258523, 0, 0.170947, 0, 0, 0, 1.02939, 0.514192, 0.670555, 0, 0.317298, 0.349068, 0, 0, 1, 0, 1, 0, 0, 0, 0, 0, 0, 0, 0, 0, 1, 0, 0, 0, 0
170,  14.0833,  0.814598,  1, 0.463879, 0.0864752, 0, 0.0048239, 0.276424, 0, 0.217636, 0, 0, 0, 1.05155, 0.54042, 0.555121, 0, 0.204572, 0.509268, 0, 0, 1, 0, 1, 0, 0, 0, 0, 0, 0, 0, 0, 0, 1, 0, 0, 0, 0
171,  14.1667,  0.837941,  1, 0.495704, 0.118354, 0, 0.0048239, 0.289233, 0, 0.199347, 0, 0, 0, 1.05573, 0.595107, 0.776968, 0, 0.154531, 0.514662, 0, 0, 1, 0, 1, 0, 0, 0, 0, 0, 0, 0, 0, 0, 1, 0, 0, 0, 0
172,  14.25,  0.83343,  1, 0.534201, 0.237656, 0, 0.0048239, 0.293516, 0, 0.235088, 0, 0, 0, 1.22808, 0.495905, 0.815885, 0, 0.0297666, 0.45206, 0, 0, 1, 0, 1, 0, 0, 0, 0, 0, 0, 0, 0, 0, 1, 0, 0, 0, 0
173,  14.3333,  0.813101,  1, 0.501608, 0.209204, 0, 0, 0.322622, 0, 0.259363, 0, 0, 0, 1.29114, 0.600553, 0.665804, 0, 0.0248761, 0.420565, 0, 0, 1, 0, 1, 0, 0, 0, 0, 0, 0, 0, 0, 0, 1, 0, 0, 0, 0
174,  14.4167,  0.842293,  1, 0.429628, 0.20418, 0, 0.0254952, 0.319141, 0, 0.27724, 0, 0, 0, 1.31416, 0.714405, 0.526144, 0, 0, 0.599277, 0, 0, 1, 0, 1, 0, 0, 0, 0, 0, 0, 0, 0, 0, 1, 0, 0, 0, 0
175,  14.5,  0.822276,  1, 0.434196, 0.0848782, 0, 0.100363, 0.342281, 0, 0.29224, 0, 0, 0, 1.28032, 0.777986, 0.535122, 0, 0.0181587, 0.641283, 0, 0, 1, 0, 1, 0, 0, 0, 0, 0, 0, 0, 0, 0, 1, 0, 0, 0, 0
176,  14.5833,  0.852314,  1, 0.619439, 0.0647848, 0, 0.100363, 0.263519, 0, 0.217813, 0, 0, 0, 1.20513, 0.705254, 0.591303, 0, 0.0365111, 0.833327, 0, 0, 1, 0, 1, 0, 0, 0, 0, 0, 0, 0, 0, 0, 1, 0, 0, 0, 0
177,  14.6667,  0.836692,  1, 0.679053, 0, 0, 0.0748682, 0.280711, 0, 0.221897, 0, 0, 0, 1.23499, 0.672844, 0.554, 0, 0.0365111, 0.858256, 0, 0, 1, 1, 1, 0, 0, 0, 0, 0, 0, 0, 0, 0, 1, 0, 0, 0, 0
178,  14.75,  0.841992,  1, 0.752323, 0.134678, 0, 0, 0.277629, 0, 0.268562, 0, 0, 0, 1.27287, 0.858078, 0.482956, 0, 0.0183525, 0.915608, 0, 0, 1, 1, 1, 0, 0, 0, 0, 0, 0, 0, 0, 0, 1, 0, 0, 0, 0
179,  14.8333,  0.819856,  1, 0.653491, 0.164914, 0, 0, 0.292971, 0, 0.289474, 0, 0, 0, 1.35609, 0.968097, 0.548603, 0, 0, 0.735547, 0, 0, 1, 1, 1, 0, 0, 0, 0, 0, 0, 0, 0, 0, 1, 0, 0, 0, 0
180,  14.9167,  0.823311,  1, 0.538806, 0.164914, 0, 0.02769, 0.328806, 0, 0.209596, 0, 0, 0, 1.25328, 1.02024, 0.439509, 0, 0.159698, 0.409918, 0.16674, 0, 1, 1, 1, 0, 0, 0, 0, 0, 0, 0, 0, 0, 1, 0, 0, 0, 0
181,  15,  0.783642,  1, 0.332434, 0.0302356, 0, 0.02769, 0.35862, 0, 0.0733377, 0, 0, 0, 1.18999, 1.09117, 0.301627, 0, 0.261264, 0.140689, 0.185069, 0, 1, 1, 1, 0, 0, 0, 0, 0, 0, 0, 0, 0, 1, 0, 0, 0, 0
182,  15.0833,  0.806597,  1, 0.180505, 0, 0, 0.02769, 0.372429, 0, 0, 0, 0, 0, 1.16412, 0.911954, 0.281455, 0, 0.333047, 0.135181, 0.185069, 0, 1, 1, 1, 0, 0, 0, 0, 0, 0, 0, 0, 0, 1, 0, 0, 0, 0
183,  15.1667,  0.77475,  1, 0.397327, 0.13563, 0, 0.0412908, 0.346201, 0, 0.0324483, 0, 0, 0, 1.21101, 0.837861, 0.433065, 0, 0.259783, 0.270041, 0.0183293, 0, 1, 1, 1, 0, 0, 0, 0, 0, 0, 0, 0, 0, 1, 0, 0, 0, 0
184,  15.25,  0.83511,  1, 0.744187, 0.231935, 0, 0.0687401, 0.322695, 0, 0.0324483, 0, 0, 0, 1.04879, 0.670276, 0.634071, 0, 0.255752, 0.414604, 0, 0, 1, 1, 1, 0, 0, 0, 0, 0, 0, 0, 1, 0, 1, 0, 0, 0, 0
185,  15.3333,  0.817325,  1, 1.03065, 0.519736, 0, 0.171887, 0.308425, 0, 0.0324483, 0, 0, 0, 0.980482, 0.821147, 0.489798, 0, 0.257396, 0.386205, 0, 0, 1, 0, 1, 0, 0, 0, 0, 0, 0, 0, 1, 0, 1, 0, 0, 0, 0
186,  15.4167,  0.846163,  1, 0.956338, 0.389371, 0, 0.130596, 0.401153, 0, 0.0155862, 0, 0, 0, 1.25497, 0.983274, 0.631252, 0, 0.330213, 0.56351, 0, 0, 1, 0, 1, 0, 0, 0, 0, 0, 0, 0, 1, 0, 1, 0, 0, 0, 0
187,  15.5,  0.728871,  1, 0.784731, 0.371488, 0, 0.103147, 0.432947, 0, 0.0155862, 0, 0, 0, 1.8042, 1.08097, 0.823353, 0, 0.414201, 0.674767, 0, 0, 1, 0, 1, 0, 0, 0, 0, 0, 0, 1, 1, 0, 1, 0, 0, 0, 0
188,  15.5833,  0.886357,  1, 0.75003, 0.300243, 0, 0, 0.554467, 0, 0.0279568, 0, 0, 0, 2.226, 1.12626, 1.0338, 0, 0.506138, 0.818277, 0, 0, 1, 0, 1, 0, 0, 0, 0, 0, 0, 1, 1, 0, 1, 0, 0, 0, 0
189,  15.6667,  0.759632,  1, 0.648366, 0.328005, 0, 0, 0.548217, 0, 0.0386096, 0, 0, 0, 2.27329, 1.17701, 0.849115, 0, 0.435213, 0.652444, 0, 0, 1, 0, 1, 0, 0, 0, 0, 0, 0, 1, 1, 0, 1, 0, 0, 0, 0
190,  15.75,  0.75796,  1, 0.576072, 0.353506, 0, 0.0385327, 0.695028, 0, 0.0386096, 0, 0, 0, 1.98776, 1.18189, 0.432426, 0, 0.457566, 0.880432, 0, 0, 1, 0, 1, 0, 0, 0, 0, 0, 0, 1, 1, 0, 1, 0, 0, 0, 0
191,  15.8333,  0.883163,  1, 0.347207, 0.13695, 0, 0.0739505, 0.758221, 0, 0.0262391, 0, 0.0320645, 0.105575, 1.58132, 1.06747, 0.182272, 0.0231577, 0.417565, 1.00816, 0, 0, 1, 0, 1, 1, 0, 0, 0, 0, 1, 1, 1, 0, 1, 0, 0, 0, 0
192,  15.9167,  0.841868,  1, 0.203553, 0.103923, 0, 0.0739505, 0.766889, 0, 0, 0, 0.0605466, 0.11565, 1.14601, 1.04535, 0, 0.0231577, 0.538575, 1.48052, 0, 0, 1, 0, 1, 1, 0, 0, 0, 0, 1, 1, 1, 0, 1, 0, 0, 0, 0
193,  16,  0.848713,  1, 0.0508347, 0, 0, 0.0354178, 0.691663, 0, 0, 0, 0.109184, 0.215915, 0.987281, 1.02773, 0, 0.0850331, 0.533103, 1.33707, 0, 0, 1, 0, 1, 1, 0, 0, 0, 0, 1, 1, 1, 0, 1, 0, 0, 0, 0
194,  16.0833,  0.858075,  1, 0, 0.0189798, 0, 0, 0.678045, 0, 0, 0, 0.127409, 0.196068, 0.841783, 1.15808, 0, 0.134381, 0.626713, 1.33096, 0, 0, 1, 0, 1, 1, 0, 0, 0, 0, 1, 1, 1, 0, 1, 0, 0, 0, 0
195,  16.1667,  0.759305,  1, 0, 0.0232796, 0, 0, 0.693014, 0, 0.0200846, 0, 0.106943, 0.188125, 0.854505, 1.15406, 0, 0.134381, 0.540377, 1.0599, 0, 0, 1, 0, 1, 1, 0, 0, 0, 0, 1, 1, 1, 0, 1, 0, 0, 0, 0
196,  16.25,  0.882363,  1, 0, 0.0232796, 0, 0.0115664, 0.747834, 0, 0.0200846, 0, 0.0708549, 0.148045, 0.940202, 1.16271, 0, 0.15416, 0.417629, 1.02291, 0, 0, 1, 0, 1, 1, 0, 0, 0, 0, 1, 1, 1, 0, 1, 0, 0, 0, 0
197,  16.3333,  0.852046,  1, 0.00947946, 0.0633051, 0, 0.0115664, 0.726417, 0, 0.0200846, 0, 0.0354119, 0.0808898, 0.916114, 1.23865, 0, 0.160313, 0.278038, 0.916274, 0, 0, 1, 0, 1, 1, 0, 0, 0, 0, 1, 1, 1, 0, 1, 0, 0, 0, 0
198,  16.4167,  0.866716,  1, 0.00947946, 0.0590053, 0, 0.0115664, 0.747613, 0, 0, 0, 0.0676053, 0.106386, 0.735521, 1.38992, 0, 0.292241, 0.252781, 0.855437, 0, 0, 1, 0, 1, 1, 0, 0, 0, 0, 1, 1, 1, 0, 1, 0, 0, 0, 0
199,  16.5,  0.838697,  1, 0.00947946, 0.103285, 0, 0, 0.683747, 0, 0, 0, 0.124118, 0.130078, 0.522493, 1.55597, 0, 0.353328, 0.310098, 0.995509, 0, 0, 1, 0, 1, 1, 0, 0, 0, 0, 1, 1, 1, 0, 1, 0, 0, 0, 0
200,  16.5833,  0.853138,  1, 0.0190862, 0.0914144, 0, 0, 0.661811, 0, 0, 0, 0.163834, 0.216034, 0.475539, 1.55904, 0, 0.381297, 0.234918, 1.14384, 0, 0, 1, 0, 1, 1, 0, 0, 0, 1, 1, 1, 1, 0, 1, 0, 0, 0, 0
201,  16.6667,  0.740725,  1, 0.0480373, 0.0914144, 0, 0, 0.598949, 0, 0, 0, 0.232466, 0.401915, 0.342257, 1.4945, 0, 0.284146, 0.307678, 1.19526, 0, 0, 1, 0, 1, 1, 0, 0, 0, 1, 1, 1, 1, 0, 1, 0, 0, 0, 0
202,  16.75,  0.861575,  1, 0.0480373, 0.114843, 0, 0, 0.647836, 0, 0, 0, 0.236476, 0.451242, 0.281, 1.41086, 0, 0.217423, 0.241714, 1.24698, 0, 0, 1, 0, 1, 1, 0, 0, 0, 1, 1, 1, 1, 0, 1, 1, 0, 0, 0
203,  16.8333,  0.862234,  1, 0.0289512, 0.0677078, 0, 0, 0.668249, 0, 0, 0, 0.286195, 0.423154, 0.137975, 1.34522, 0, 0.18253, 0.360067, 1.27207, 0, 0, 1, 0, 1, 1, 0, 0, 0, 1, 1, 1, 1, 0, 1, 1, 0, 0, 0
204,  16.9167,  0.864561,  1, 0, 0.0677078, 0, 0, 0.650135, 0, 0, 0, 0.294771, 0.383461, 0.164659, 1.06138, 0, 0.261878, 0.411386, 1.29103, 0, 0, 1, 0, 1, 1, 0, 0, 0, 1, 1, 1, 1, 0, 1, 1, 0, 0, 0
205,  17,  0.752694,  1, 0, 0, 0, 0, 0.550692, 0, 0, 0, 0.38487, 0.530199, 0.109267, 0.982167, 0, 0.243526, 0.49233, 1.13105, 0, 0, 1, 0, 1, 1, 0, 0, 0, 1, 1, 1, 1, 0, 1, 1, 0, 0, 0
206,  17.0833,  0.856861,  1, 0, 0, 0, 0, 0.483468, 0, 0, 0, 0.394089, 0.628519, 0.158192, 0.957018, 0, 0.276063, 0.519973, 1.11063, 0, 0, 1, 0, 1, 1, 0, 0, 0, 1, 1, 1, 1, 0, 1, 1, 0, 0, 0
207,  17.1667,  0.848654,  1, 0, 0, 0, 0, 0.500733, 0, 0, 0, 0.421782, 0.723388, 0.185134, 1.10397, 0, 0.294009, 0.438578, 1.13838, 0, 0, 1, 0, 1, 1, 0, 0, 0, 1, 1, 1, 1, 0, 1, 1, 0, 0, 0
208,  17.25,  0.798554,  1, 0, 0, 0, 0, 0.511373, 0, 0, 0, 0.379421, 0.608079, 0.147981, 1.09745, 0, 0.294293, 0.457546, 1.18389, 0, 0, 1, 0, 1, 1, 0, 0, 0, 1, 1, 1, 1, 0, 1, 1, 0, 0, 0
209,  17.3333,  0.847669,  1, 0, 0, 0, 0, 0.555462, 0, 0, 0, 0.393277, 0.694814, 0.209315, 1.14894, 0, 0.271968, 0.634039, 1.08271, 0, 0, 1, 0, 1, 1, 0, 0, 0, 1, 1, 1, 1, 0, 1, 1, 0, 0, 0
210,  17.4167,  0.7776,  1, 0, 0, 0, 0, 0.550355, 0, 0, 0, 0.333509, 0.677166, 0.155689, 1.28871, 0, 0.222802, 0.701446, 1.05442, 0, 0, 1, 0, 1, 1, 0, 0, 0, 1, 1, 1, 1, 0, 1, 1, 0, 0, 0
211,  17.5,  0.856261,  1, 0.00307907, 0.107827, 0, 0.00403272, 0.647444, 0, 0, 0, 0.297362, 0.740409, 0.152681, 1.33773, 0, 0.302936, 0.694597, 1.03162, 0, 0, 1, 0, 1, 1, 0, 0, 0, 1, 1, 1, 1, 0, 1, 1, 0, 0, 0
212,  17.5833,  0.848255,  1, 0.00307907, 0.107827, 0, 0.00403272, 0.657438, 0, 0, 0, 0.290614, 0.723735, 0.0212563, 1.25485, 0, 0.389859, 0.451978, 1.0057, 0, 0, 1, 0, 1, 1, 0, 0, 0, 1, 1, 1, 1, 0, 1, 1, 0, 0, 0
213,  17.6667,  0.802616,  1, 0.00307907, 0.107827, 0, 0.00403272, 0.685812, 0, 0, 0, 0.358491, 0.654156, 0.0212563, 1.08558, 0, 0.412474, 0.405879, 0.98931, 0, 0, 1, 0, 1, 1, 0, 0, 0, 1, 1, 1, 1, 0, 1, 1, 0, 0, 0
214,  17.75,  0.864451,  1, 0, 0, 0, 0, 0.683871, 0, 0, 0, 0.467981, 0.59341, 0, 1.16271, 0, 0.414727, 0.467005, 0.924231, 0, 0, 1, 0, 1, 1, 0, 0, 0, 1, 1, 1, 1, 0, 1, 1, 0, 0, 0
215,  17.8333,  0.848304,  1, 0, 0.0941767, 0, 0, 0.683731, 0, 0, 0, 0.463341, 0.473055, 0, 1.23724, 0, 0.381127, 0.664478, 1.03561, 0, 0, 1, 0, 1, 1, 0, 0, 0, 1, 1, 1, 1, 0, 1, 1, 0, 0, 0
216,  17.9167,  0.853049,  1, 0, 0.0941767, 0, 0, 0.625103, 0, 0, 0, 0.422835, 0.492668, 0, 1.09479, 0.00821695, 0.28204, 0.922161, 0.98613, 0, 0, 1, 0, 1, 1, 0, 0, 0, 1, 1, 1, 1, 0, 1, 1, 0, 0, 0
217,  18,  0.887331,  1, 0, 0.0941767, 0, 0, 0.652178, 0.104102, 0, 0, 0.445829, 0.516633, 0, 0.767817, 0.00821695, 0.141702, 1.47396, 1.06603, 0, 0, 1, 0, 1, 1, 1, 0, 0, 1, 1, 0, 1, 0, 1, 1, 0, 0, 0
218,  18.0833,  0.925506,  1, 0, 0, 0, 0, 0.686115, 0.121899, 0, 0, 0.553572, 0.571906, 0, 0.487926, 0.00821695, 0.006432, 1.83136, 1.02588, 0, 0, 0, 0, 1, 1, 1, 0, 0, 1, 1, 0, 1, 0, 1, 1, 0, 0, 0
219,  18.1667,  0.957858,  1, 0, 0, 0, 0, 0.848401, 0.439658, 0, 0, 0.769117, 0.713229, 0, 0.302582, 0, 0.00679638, 1.56286, 0.872544, 0, 0, 0, 0, 1, 1, 1, 0, 0, 1, 1, 0, 1, 0, 1, 1, 0, 0, 0
220,  18.25,  0.98451,  1, 0, 0, 0, 0, 0.906469, 0.814529, 0, 0, 0.92908, 0.914242, 0, 0.151634, 0, 0.0483113, 0.848075, 0.648024, 0, 0, 0, 1, 0, 1, 1, 0, 0, 1, 1, 0, 0, 0, 1, 1, 0, 0, 0
221,  18.3333,  0.983612,  1, 0, 0, 0, 0, 0.952054, 1.11881, 0, 0, 1.03733, 1.12885, 0, 0.0567705, 0, 0.0613921, 0.364849, 0.378496, 0.0478531, 0, 0, 1, 0, 1, 1, 0, 0, 1, 1, 0, 0, 0, 1, 1, 0, 0, 0
222,  18.4167,  0.982573,  1, 0, 0, 0, 0, 0.952694, 1.16519, 0, 0, 1.03771, 1.17501, 0, 0.0567705, 0, 0.0757645, 0.411927, 0.408517, 0.0771331, 0, 0, 1, 0, 1, 1, 0, 0, 1, 1, 0, 0, 0, 1, 1, 0, 0, 0
223,  18.5,  0.982539,  1, 0, 0, 0, 0, 0.911859, 0.996407, 0, 0, 0.984997, 1.12062, 0, 0.151273, 0, 0.0562244, 0.52674, 0.417374, 0.119865, 0, 0, 1, 0, 1, 1, 0, 0, 1, 1, 0, 0, 0, 1, 0, 0, 0, 0
224,  18.5833,  0.982475,  1, 0, 0, 0, 0, 0.919365, 1.06333, 0, 0, 0.991253, 1.08863, 0, 0.318542, 0, 0.0734536, 0.543207, 0.457175, 0.0922024, 0, 0, 1, 0, 1, 1, 0, 0, 1, 1, 0, 0, 0, 1, 0, 0, 0, 0
225,  18.6667,  0.982552,  1, 0, 0, 0, 0, 0.912984, 1.15787, 0.00722618, 0, 0.964637, 1.03377, 0, 0.497298, 0.0107776, 0.057978, 0.353222, 0.329547, 0.0999976, 0, 0, 1, 0, 1, 1, 0, 0, 1, 1, 0, 0, 0, 1, 0, 0, 0, 0
226,  18.75,  0.984243,  1, 0, 0, 0, 0, 0.946529, 1.23541, 0.00722618, 0, 0.956275, 1.05302, 0, 0.46919, 0.0143346, 0.0688603, 0.264029, 0.172496, 0.0672976, 0, 0, 1, 0, 1, 1, 0, 1, 1, 1, 0, 0, 0, 1, 0, 0, 0, 0
227,  18.8333,  0.981593,  1, 0, 0, 0, 0, 0.978741, 1.16599, 0.00722618, 0.00965996, 0.912588, 1.07114, 0, 0.284847, 0.0143346, 0.0546054, 0.204777, 0.0731823, 0.0471066, 0, 0, 1, 0, 1, 1, 0, 0, 1, 1, 0, 0, 0, 1, 0, 0, 0, 0
228,  18.9167,  0.981284,  1, 0, 0, 0, 0, 0.922797, 0.869151, 0, 0.00965996, 0.857892, 0.973212, 0, 0.106091, 0.00355709, 0.0489121, 0.350402, 0.103197, 0.0100315, 0, 0, 1, 0, 1, 1, 0, 0, 1, 1, 0, 0, 0, 1, 0, 0, 0, 0
229,  19,  0.983078,  1, 0, 0, 0, 0, 0.866957, 0.624965, 0, 0.00965996, 0.824937, 0.86216, 0, 0.0367048, 0, 0.016055, 0.330997, 0.243393, 0.000745099, 0, 0, 1, 0, 1, 1, 0, 1, 1, 1, 0, 0, 0, 1, 0, 0, 0, 0
230,  19.0833,  0.979602,  1, 0, 0, 0, 0, 0.826349, 0.557776, 0, 0, 0.789566, 0.766165, 0, 0, 0, 0, 0.416997, 0.28276, 0.00786561, 0, 0, 1, 0, 1, 1, 0, 0, 1, 1, 0, 0, 0, 1, 0, 0, 0, 0
231,  19.1667,  0.982796,  1, 0, 0, 0, 0, 0.872518, 0.637277, 0.00525279, 0, 0.852806, 0.916182, 0, 0, 0, 0.0125757, 0.407818, 0.345739, 0.00786561, 0, 0, 1, 0, 1, 1, 0, 1, 1, 1, 0, 0, 0, 1, 0, 0, 0, 0
232,  19.25,  0.98163,  1, 0, 0, 0, 0, 0.914308, 0.703896, 0.00525279, 0, 0.862936, 0.95692, 0, 0, 0, 0.0359963, 0.490512, 0.280979, 0.00712051, 0, 0, 1, 0, 1, 1, 0, 0, 1, 1, 0, 0, 0, 1, 0, 0, 0, 0
233,  19.3333,  0.981213,  1, 0, 0, 0.123845, 0, 0.954962, 0.990172, 0.0192061, 0.0105415, 0.983031, 0.990139, 0, 0, 0, 0.0359963, 0.449269, 0.208256, 0.692687, 0, 0, 1, 0, 1, 1, 0, 0, 1, 1, 0, 0, 0, 1, 0, 0, 0, 0
234,  19.4167,  0.980353,  1, 0, 0, 0.203836, 0, 1.03163, 1.26572, 0.0670458, 0.0105415, 1.00818, 1.06172, 0, 0, 0, 0.0234206, 0.443507, 0.0754361, 1.3946, 0, 0, 1, 0, 1, 1, 0, 1, 1, 1, 0, 0, 0, 1, 0, 0, 0, 1
235,  19.5,  0.980572,  1, 0, 0, 0.228631, 0, 1.03442, 1.40603, 0.187235, 0.0105415, 0.985506, 1.21385, 0, 0, 0, 0, 0.377379, 0.00395101, 1.66791, 0, 0, 1, 0, 1, 1, 0, 1, 1, 1, 0, 0, 0, 1, 0, 0, 0, 1
236,  19.5833,  0.979531,  1, 0, 0, 0.104787, 0, 1.07338, 1.19085, 0.266294, 0, 0.902252, 1.30486, 0, 0, 0, 0, 0.31848, 0.00395101, 1.1115, 0, 0, 1, 0, 1, 1, 0, 1, 1, 1, 0, 0, 0, 1, 0, 0, 0, 1
237,  19.6667,  0.983108,  1, 0.0017554, 0, 0.0247949, 0, 1.01966, 0.929759, 0.213202, 0, 0.810247, 1.26117, 0, 0.0554619, 0, 0.0135448, 0.232801, 0.00395101, 0.477582, 0, 0, 1, 0, 1, 1, 0, 1, 1, 1, 0, 0, 0, 1, 0, 0, 0, 1
238,  19.75,  0.9791,  1, 0.0017554, 0, 0, 0, 1.00721, 0.925959, 0.129085, 0, 0.794002, 1.29121, 0, 0.141226, 0.0320314, 0.0389303, 0.293254, 0, 0.276916, 0, 0, 1, 0, 1, 1, 0, 1, 1, 1, 0, 0, 0, 1, 0, 0, 0, 0
239,  19.8333,  0.982191,  1, 0.0017554, 0, 0, 0, 0.936471, 0.969204, 0.0360727, 0, 0.758664, 1.27157, 0, 0.253789, 0.0636762, 0.0851616, 0.23151, 0, 0.156517, 0, 0, 1, 0, 1, 1, 0, 1, 1, 1, 0, 0, 0, 1, 0, 0, 0, 0
240,  19.9167,  0.979498,  1, 0, 0, 0, 0, 0.908503, 1.10767, 0.0360727, 0, 0.80172, 1.27529, 0, 0.200063, 0.0636762, 0.0716168, 0.274833, 0, 0.140551, 0, 0, 1, 0, 1, 1, 0, 0, 1, 1, 0, 0, 0, 1, 0, 0, 0, 0
241,  20,  0.982655,  1, 0, 0, 0, 0, 0.88518, 0.979756, 0, 0, 0.789864, 1.16158, 0, 0.161078, 0.0316448, 0.0574586, 0.25314, 0.0213482, 0.144741, 0, 0, 1, 0, 1, 1, 0, 0, 1, 1, 0, 0, 0, 1, 0, 0, 0, 0
242,  20.0833,  0.98491,  1, 0, 0, 0, 0, 0.933721, 0.81627, 0, 0, 0.758908, 1.25613, 0, 0.114858, 0.017371, 0.0329031, 0.316213, 0.0213482, 0.166088, 0, 0, 1, 0, 1, 1, 0, 0, 1, 1, 0, 0, 0, 1, 0, 0, 0, 0
243,  20.1667,  0.983929,  1, 0, 0, 0, 0, 0.963292, 0.685911, 0, 0, 0.710678, 1.29345, 0, 0.113123, 0.0508621, 0.0329031, 0.25334, 0.0251986, 0.12547, 0, 0, 1, 1, 1, 1, 0, 0, 1, 1, 0, 0, 0, 1, 0, 0, 0, 0
244,  20.25,  0.984084,  1, 0, 0, 0, 0, 0.95557, 0.629027, 0, 0, 0.733434, 1.29451, 0, 0.0663437, 0.0769055, 0.0216759, 0.179296, 0.00385044, 0.0486401, 0, 0, 1, 1, 1, 1, 0, 0, 1, 1, 0, 0, 0, 1, 0, 0, 0, 0
245,  20.3333,  0.980956,  1, 0, 0, 0, 0.0625738, 0.90192, 0.515521, 0, 0, 0.725662, 1.20276, 0, 0, 0.110257, 0.0368157, 0.100484, 0.00385044, 0.0114091, 0, 0, 1, 1, 1, 1, 0, 0, 1, 1, 0, 0, 0, 1, 0, 0, 0, 0
246,  20.4167,  0.980406,  1, 0, 0, 0, 0.236038, 0.933387, 0.40223, 0, 0, 0.697547, 1.22112, 0, 0, 0.0767661, 0.0431326, 0.133283, 0, 0, 0, 0, 1, 1, 1, 1, 0, 0, 1, 1, 0, 0, 0, 1, 0, 0, 0, 0
247,  20.5,  0.978407,  1, 0, 0, 0, 0.258117, 0.991034, 0.481529, 0, 0, 0.664955, 1.2193, 0, 0.0131916, 0.105438, 0.0547372, 0.139437, 0, 0, 0, 0, 1, 1, 1, 1, 0, 0, 1, 1, 0, 0, 0, 1, 0, 0, 0, 0
248,  20.5833,  0.98046,  1, 0, 0, 0, 0.429205, 1.05124, 0.535831, 0, 0, 0.727036, 1.19158, 0, 0.0131916, 0.0547155, 0.0402202, 0.206524, 0, 0, 0, 0, 1, 1, 1, 1, 0, 0, 1, 1, 0, 0, 0, 1, 0, 0, 0, 0
249,  20.6667,  0.980275,  1, 0, 0, 0, 0.400903, 1.02989, 0.580121, 0, 0, 0.779897, 1.01083, 0, 0.11389, 0.100439, 0.097938, 0.166818, 0, 0.0231181, 0, 0, 1, 1, 1, 1, 0, 0, 1, 1, 0, 0, 0, 1, 0, 0, 0, 0
250,  20.75,  0.979804,  1, 0, 0.00110854, 0, 0.660422, 1.04873, 0.740385, 0, 0, 0.801947, 1.03491, 0, 0.133444, 0.0589608, 0.15314, 0.114963, 0, 0.0231181, 0, 0, 1, 1, 1, 1, 0, 0, 1, 1, 0, 0, 0, 1, 0, 0, 0, 0
251,  20.8333,  0.979436,  1, 0, 0.00110854, 0, 0.42676, 0.999542, 0.752596, 0, 0, 0.769927, 1.01443, 0, 0.177151, 0.0589608, 0.19315, 0.114463, 0.0498875, 0.0231181, 0, 0, 1, 1, 1, 1, 0, 0, 1, 1, 0, 0, 0, 1, 0, 0, 0, 0
252,  20.9167,  0.979715,  1, 0, 0.00110854, 0, 0.281598, 0.906666, 0.856582, 0, 0, 0.736795, 1.09092, 0, 0.146953, 0.013237, 0.129115, 0.231954, 0.0498875, 0, 0, 0, 1, 1, 1, 1, 0, 1, 1, 1, 0, 0, 0, 1, 0, 0, 0, 0
253,  21,  0.981361,  1, 0, 0, 0, 0, 0.798422, 0.679232, 0.00946335, 0, 0.66535, 1.16194, 0, 0.114208, 0, 0.0827836, 0.337242, 0.0498875, 0, 0, 0, 1, 1, 1, 1, 0, 0, 1, 1, 0, 0, 0, 1, 0, 0, 0, 0
254,  21.0833,  0.980214,  1, 0, 0, 0, 0, 0.716839, 0.868945, 0.00946335, 0, 0.598439, 1.09651, 0, 0.0734196, 0, 0.0204746, 0.396929, 0, 0, 0, 0, 1, 1, 1, 1, 0, 0, 1, 1, 0, 0, 0, 1, 0, 0, 0, 0
255,  21.1667,  0.978907,  1, 0, 0, 0, 0.0214977, 0.739829, 0.905708, 0.0376128, 0, 0.574669, 1.05945, 0, 0.0598726, 0, 0.0204746, 0.390209, 0, 0, 0, 0, 1, 1, 1, 1, 0, 0, 1, 1, 0, 0, 0, 1, 0, 0, 0, 0
256,  21.25,  0.97919,  1, 0.000466967, 0, 0, 0.101582, 0.747654, 0.864071, 0.038265, 0, 0.538798, 0.968878, 0, 0.0598726, 0, 0.0135308, 0.307849, 0, 0, 0, 0, 1, 1, 1, 1, 0, 0, 1, 1, 0, 0, 0, 1, 0, 0, 0, 0
257,  21.3333,  0.98026,  1, 0.0148272, 0, 0, 0.101582, 0.787634, 0.699721, 0.038265, 0, 0.530346, 1.00099, 0, 0.0721298, 0, 0.0726091, 0.231479, 0, 0, 0, 0, 1, 1, 1, 1, 0, 0, 1, 1, 0, 0, 0, 1, 0, 0, 0, 0
258,  21.4167,  0.979909,  1, 0.071694, 0, 0, 0.0800846, 0.785567, 0.518258, 0.0101156, 0, 0.507789, 1.06372, 0, 0.0151761, 0, 0.12828, 0.117059, 0, 0, 0, 0, 1, 1, 1, 1, 0, 0, 1, 1, 0, 0, 0, 1, 0, 0, 0, 0
259,  21.5,  0.976539,  1, 0.100325, 0, 0, 0, 0.814651, 0.635404, 0, 0, 0.557989, 1.11986, 0, 0.0336596, 0, 0.146588, 0.213592, 0, 0, 0, 0, 1, 1, 1, 1, 0, 0, 1, 1, 0, 0, 0, 1, 0, 0, 0, 0
260,  21.5833,  0.979894,  1, 0.0859643, 0, 0, 0, 0.797119, 0.656789, 0, 0, 0.53602, 1.12078, 0, 0.0856518, 0, 0.0911013, 0.25035, 0.0268659, 0, 0, 0, 1, 1, 1, 1, 0, 0, 1, 1, 0, 0, 0, 1, 0, 0, 0, 0
261,  21.6667,  0.981684,  1, 0.0290976, 0, 0.0367507, 0, 0.765457, 0.911988, 0.0463566, 0, 0.611507, 1.19614, 0, 0.131475, 0, 0.0354304, 0.251906, 0.0268659, 0.476098, 0, 0, 1, 1, 1, 1, 0, 0, 1, 1, 0, 0, 0, 1, 0, 0, 0, 0
262,  21.75,  0.979356,  1, 0, 0, 0.0367507, 0, 0.82044, 1.0009, 0.0746078, 0, 0.640133, 1.15788, 0, 0.18227, 0, 0.0035915, 0.190661, 0.0268659, 0.842037, 0, 0, 1, 0, 1, 1, 0, 0, 1, 1, 0, 0, 0, 1, 0, 0, 0, 0
263,  21.8333,  0.977569,  1, 0, 0, 0.0367507, 0, 0.874871, 1.10693, 0.0746078, 0, 0.700674, 1.21065, 0, 0.115101, 0, 0, 0.154587, 0.0466758, 1.04255, 0, 0, 1, 0, 1, 1, 0, 0, 1, 1, 0, 0, 0, 1, 0, 0, 0, 0
264,  21.9167,  0.972161,  1, 0, 0, 0, 0, 0.842514, 0.881659, 0.0282511, 0, 0.553675, 0.999883, 0, 0.0891298, 0, 0, 0.211403, 0.0466758, 0.66298, 0, 0, 1, 0, 1, 1, 0, 0, 1, 1, 1, 0, 0, 1, 0, 0, 0, 0
265,  22,  0.977284,  1, 0, 0, 0, 0, 0.732725, 0.689793, 0, 0, 0.41591, 0.984168, 0, 0.0198514, 0, 0, 0.288382, 0.0466758, 0.349748, 0, 0, 1, 0, 1, 1, 0, 0, 1, 1, 1, 0, 0, 1, 0, 0, 0, 0
266,  22.0833,  0.977275,  1, 0, 0, 0, 0, 0.639908, 0.518138, 0, 0, 0.29284, 0.98842, 0, 0.116818, 0, 0.0136344, 0.297651, 0.0464724, 0.160309, 0, 0, 1, 0, 1, 1, 0, 0, 1, 1, 1, 0, 0, 1, 0, 0, 0, 0
267,  22.1667,  0.978389,  1, 0, 0, 0, 0, 0.658538, 0.581768, 0.0112753, 0, 0.265991, 1.03177, 0, 0.201781, 0, 0.0136344, 0.290497, 0.0464724, 0.0637781, 0, 0, 1, 0, 1, 1, 0, 0, 1, 1, 1, 0, 0, 1, 0, 0, 0, 0
268,  22.25,  0.977153,  1, 0, 0, 0, 0, 0.631657, 0.615755, 0.0319518, 0, 0.224038, 0.972427, 0, 0.425742, 0, 0.0376881, 0.191992, 0.102384, 0.0287672, 0, 0, 1, 0, 1, 1, 0, 0, 1, 1, 1, 1, 0, 1, 0, 0, 0, 0
269,  22.3333,  0.979705,  1, 0, 0, 0, 0, 0.612244, 0.542672, 0.0319518, 0, 0.181009, 0.897147, 0, 0.476623, 0, 0.0567128, 0.238713, 0.055912, 0.0176959, 0, 0, 1, 0, 1, 1, 0, 0, 1, 1, 1, 1, 0, 1, 0, 0, 0, 0
270,  22.4167,  0.981822,  1, 0.0198726, 0, 0, 0, 0.564448, 0.294914, 0.0206765, 0, 0.136939, 0.832984, 0, 0.507286, 0, 0.0759425, 0.273024, 0.177147, 0.0176959, 0, 0, 1, 0, 1, 1, 0, 0, 1, 1, 1, 1, 0, 1, 0, 0, 0, 0
271,  22.5,  0.979751,  1, 0.0198726, 0, 0, 0, 0.583289, 0.170506, 0, 0, 0.153892, 0.789651, 0, 0.449657, 0, 0.0580652, 0.236838, 0.20921, 0, 0, 0, 1, 1, 1, 1, 0, 0, 1, 1, 1, 1, 0, 1, 0, 0, 0, 0
272,  22.5833,  0.977478,  1, 0.0198726, 0, 0, 0, 0.6169, 0.224677, 0, 0, 0.183748, 0.722665, 0, 0.39757, 0, 0.0254061, 0.155772, 0.276244, 0, 0, 0, 1, 1, 1, 1, 0, 0, 1, 1, 1, 1, 0, 1, 0, 0, 0, 0
273,  22.6667,  0.977272,  1, 0, 0, 0, 0, 0.67272, 0.244509, 0, 0, 0.196756, 0.822846, 0, 0.359763, 0, 0.0103306, 0.145988, 0.155009, 0, 0, 0, 1, 1, 1, 1, 0, 0, 1, 1, 1, 1, 0, 1, 0, 0, 0, 0
274,  22.75,  0.97709,  1, 0.0640774, 0, 0, 0, 0.646904, 0.212183, 0, 0, 0.158317, 0.783331, 0, 0.250061, 0, 0.00415414, 0.145483, 0.0670343, 0, 0, 0, 1, 1, 1, 1, 0, 0, 1, 1, 1, 1, 0, 1, 0, 0, 0, 0
275,  22.8333,  0.97886,  1, 0.0640774, 0, 0, 0, 0.645951, 0.160337, 0, 0, 0.163204, 0.894265, 0, 0.209274, 0, 0.0383941, 0.285387, 0.111925, 0.0179068, 0, 0, 1, 1, 1, 1, 0, 0, 1, 1, 1, 0, 0, 1, 0, 0, 0, 0
276,  22.9167,  0.976025,  1, 0.0640774, 0, 0, 0, 0.595687, 0.255339, 0, 0, 0.146929, 0.800095, 0, 0.175715, 0, 0.0436618, 0.461591, 0.24514, 0.0265184, 0, 0, 1, 1, 1, 1, 0, 0, 1, 1, 0, 0, 0, 1, 0, 0, 0, 0
277,  23,  0.976883,  1, 0.0269306, 0, 0, 0, 0.608833, 0.310768, 0, 0, 0.206323, 0.79028, 0, 0.256056, 0, 0.124741, 0.698177, 0.575671, 0.0265184, 0, 0, 1, 1, 1, 1, 0, 0, 1, 1, 0, 0, 0, 1, 0, 0, 0, 0
278,  23.0833,  0.974697,  1, 0.0269306, 0, 0, 0, 0.557277, 0.368157, 0, 0, 0.206491, 0.736068, 0, 0.265692, 0, 0.127019, 0.758635, 0.790312, 0.00861169, 0, 0, 1, 1, 1, 1, 0, 0, 1, 1, 0, 0, 0, 1, 0, 1, 0, 0
279,  23.1667,  0.971862,  1, 0.0269306, 0, 0, 0, 0.478408, 0.265837, 0, 0, 0.330102, 1.03232, 0, 0.654404, 0, 0.387629, 0.483778, 1.22434, 0.0187391, 0, 0, 1, 1, 1, 1, 0, 0, 1, 1, 0, 1, 0, 1, 0, 1, 0, 0
280,  23.25,  0.968793,  1, 0, 0, 0, 0, 0.406298, 0.330746, 0, 0, 0.45183, 1.26118, 0, 0.880007, 0, 0.567295, 0.247192, 1.53062, 0.0245888, 0, 0, 1, 1, 1, 1, 0, 0, 1, 1, 1, 1, 0, 1, 0, 1, 1, 0
281,  23.3333,  0.968327,  1, 0, 0, 0, 0, 0.361363, 0.317495, 0, 0, 0.547566, 1.45885, 0, 1.1641, 0, 0.761979, 0, 1.71109, 0.0556654, 0, 0, 1, 1, 1, 1, 0, 0, 1, 1, 1, 1, 0, 1, 0, 1, 1, 0
282,  23.4167,  0.969374,  1, 0, 0, 0, 0, 0.408199, 0.480601, 0, 0, 0.588479, 1.44147, 0, 1.09146, 0.0214412, 0.747575, 0, 1.67314, 0.0671401, 0, 0, 1, 1, 1, 1, 0, 0, 1, 1, 1, 1, 0, 1, 0, 1, 1, 0
283,  23.5,  0.973563,  1, 0, 0, 0, 0, 0.410176, 0.542115, 0, 0, 0.636129, 1.57014, 0, 1.12647, 0.0214412, 0.67472, 0, 1.6866, 0.0977712, 0, 0, 1, 1, 1, 1, 0, 0, 1, 1, 1, 1, 0, 1, 0, 1, 1, 0
284,  23.5833,  0.973331,  1, 0, 0, 0, 0, 0.415284, 0.705852, 0, 0, 0.659954, 1.72524, 0, 1.01183, 0.0214412, 0.568647, 0, 1.81115, 0.25158, 0, 0, 1, 1, 1, 1, 0, 0, 1, 1, 1, 1, 0, 1, 0, 1, 1, 0
285,  23.6667,  0.97462,  1, 0, 0, 0.124694, 0, 0.422953, 1.19164, 0, 0, 0.684444, 1.73975, 0, 0.949483, 0.0677213, 0.360328, 0, 1.82243, 0.826862, 0, 0, 1, 0, 1, 1, 0, 0, 1, 1, 1, 1, 0, 1, 0, 1, 1, 0
286,  23.75,  0.968888,  1, 0, 0, 0.124694, 0, 0.381548, 1.02965, 0, 0, 0.430723, 1.17318, 0, 0.632404, 0.0677213, 0.172438, 0, 1.17217, 0.91693, 0, 0, 1, 0, 1, 1, 0, 0, 1, 1, 1, 1, 0, 1, 0, 1, 1, 0
287,  23.8333,  0.946972,  1, 0.0381151, 0, 0.124694, 0, 0.250536, 0.931314, 0, 0, 0.227143, 0.537638, 0, 0.581481, 0.0677213, 0.0473094, 0, 0.595408, 0.876342, 0, 0, 1, 0, 1, 1, 0, 0, 1, 1, 1, 1, 0, 1, 0, 1, 1, 1
288,  23.9167,  0.944015,  1, 0.0863416, 0, 0.0935232, 0, 0.100299, 0.459043, 0, 0, 0, 0, 0, 0.494711, 0, 0, 0, 0.324368, 0.484169, 1, 0, 1, 0, 0, 1, 0, 0, 0, 1, 1, 1, 0, 1, 0, 1, 1, 1
289,  24,  0.946513,  1, 0.105577, 0, 0.19167, 0, 0.00828594, 0.625362, 0, 0, 0, 0, 0, 0.625756, 0, 0.0701115, 0, 0.909477, 0.601658, 1, 0, 0, 0, 0, 1, 0, 0, 0, 0, 1, 1, 0, 1, 0, 1, 1, 1
290,  24.0833,  0.942445,  1, 0.0952772, 0, 0.277293, 0, 0.0286612, 0.669572, 0, 0, 0, 0, 0, 0.712563, 0, 0.220451, 0, 1.5372, 0.674601, 1, 0, 0, 0, 0, 1, 0, 0, 0, 0, 1, 1, 0, 1, 0, 1, 1, 1
291,  24.1667,  0.934057,  1, 0.158442, 0, 0.232437, 0, 0.0286612, 0.683343, 0, 0, 0, 0, 0, 0.756074, 0, 0.425398, 0, 2.0035, 0.681063, 1, 0, 0, 0, 0, 1, 0, 0, 0, 0, 1, 1, 0, 1, 0, 1, 1, 1
292,  24.25,  0.92748,  1, 0.189575, 0, 0.225409, 0, 0.0986278, 0.682735, 0, 0, 0, 0.115792, 0, 0.938445, 0, 0.610209, 0, 2.10669, 0.646129, 1, 0, 0, 0, 0, 1, 0, 0, 0, 0, 1, 1, 0, 1, 0, 1, 1, 1
293,  24.3333,  0.948418,  1, 0.161759, 0, 0.144622, 0, 0.0839214, 0.73729, 0, 0, 0.0383774, 0.229498, 0, 1.05421, 0, 0.797334, 0, 2.12711, 0.639839, 1, 0, 0, 0, 1, 1, 0, 0, 0, 0, 1, 1, 0, 1, 0, 1, 1, 1
294,  24.4167,  0.942579,  1, 0.0503679, 0, 0.140511, 0, 0.178779, 0.704311, 0, 0, 0.29164, 0.447611, 0, 0.993236, 0, 0.7958, 0, 1.9125, 0.661901, 1, 0, 0, 0, 1, 1, 0, 0, 1, 1, 1, 1, 0, 1, 0, 1, 1, 1
295,  24.5,  0.955981,  1, 0, 0, 0.0493924, 0, 0.201193, 0.600052, 0, 0, 0.532719, 0.458513, 0, 0.736616, 0, 0.741326, 0, 1.66982, 0.67348, 1, 0, 0, 0, 1, 1, 0, 0, 1, 1, 1, 1, 0, 1, 0, 1, 1, 1
296,  24.5833,  0.944858,  1, 0, 0, 0.044556, 0, 0.26769, 0.478379, 0, 0, 0.717859, 0.542658, 0, 0.494788, 0, 0.58705, 0, 1.21758, 0.646966, 1, 0, 0, 0, 1, 1, 0, 0, 1, 1, 1, 1, 0, 1, 0, 1, 1, 1
297,  24.6667,  0.955399,  1, 0, 0, 0.0132631, 0, 0.278193, 0.556078, 0, 0, 0.672567, 0.497331, 0, 0.281183, 0, 0.524163, 0, 0.933623, 0.58276, 0, 0, 1, 0, 1, 1, 0, 0, 1, 1, 1, 0, 0, 1, 0, 1, 1, 1
298,  24.75,  0.955596,  1, 0, 0, 0.0210956, 0, 0.260438, 0.538767, 0, 0, 0.63811, 0.453963, 0, 0.143876, 0, 0.450541, 0, 0.739279, 0.563895, 0, 0, 1, 0, 1, 1, 0, 0, 1, 1, 1, 0, 0, 1, 0, 1, 1, 1
299,  24.8333,  0.958093,  1, 0, 0, 0.0210956, 0, 0.298185, 0.621736, 0, 0, 0.609387, 0.270321, 0, 0.04225, 0, 0.418356, 0, 0.680364, 0.55941, 1, 0, 1, 0, 1, 1, 0, 0, 1, 1, 1, 0, 0, 1, 0, 1, 1, 1
300,  24.9167,  0.958151,  1, 0, 0, 0.00783249, 0, 0.261533, 0.535411, 0, 0, 0.606387, 0.227285, 0, 0.04225, 0, 0.440356, 0, 0.551823, 0.561833, 0, 0, 1, 0, 1, 1, 0, 0, 1, 1, 1, 0, 0, 1, 0, 1, 1, 1
301,  25,  0.96165,  1, 0, 0, 0, 0, 0.206127, 0.4839, 0, 0, 0.614912, 0.38925, 0, 0, 0, 0.48758, 0, 0.326146, 0.540192, 1, 0, 0, 0, 1, 1, 0, 0, 1, 1, 1, 0, 0, 1, 0, 1, 1, 1
